ALL_ID	Estimate	Std. Error	z value	Pr(>|z|)	aic
A_101.(Intercept)	-6.07522739091074	0.15088816300921	-40.2631145462345	0	6955.28927203768
A_101.as.numeric(gcounts)	0.00969250517919389	0.0794836456270181	0.121943389771986	0.902943851956946	6955.28927203768
A_101.scale(age)	-0.408598859400527	0.0438461669115013	-9.3189185778825	1.17532078995679e-20	6955.28927203768
A_101.sex	-6.06778291763477	1.00084646191886	-6.06265111433913	1.33895904929142e-09	6955.28927203768
A_101.Array	0.105385380384319	0.1533796727765	0.687088311486253	0.492027079431535	6955.28927203768
A_101.scale(PC1)	0.0117270339894718	0.0466251232731676	0.251517490275905	0.801414041444358	6955.28927203768
A_101.scale(PC2)	0.00529367264235248	0.0450187007655998	0.117588303356759	0.906393873213266	6955.28927203768
A_101.scale(PC3)	-0.0229684444573073	0.0459685109977885	-0.499656046253321	0.617317286650224	6955.28927203768
A_101.scale(PC4)	-0.0896732616806971	0.0631007642592746	-1.42111213284579	0.155284163340897	6955.28927203768
A_101.scale(PC5)	-0.00392422673858382	0.0635708725507555	-0.0617299492853538	0.950777889362316	6955.28927203768
A_101.scale(PC6)	-0.0133877645220749	0.0455385649620152	-0.29398740459305	0.768767527994739	6955.28927203768
A_101.scale(PC7)	0.00093883003600527	0.0462651759773507	0.0202923692858075	0.983810142962935	6955.28927203768
A_101.scale(PC8)	-0.0728449511721418	0.0489711054575673	-1.4875088175263	0.136880476135023	6955.28927203768
A_101.scale(PC9)	0.0615515106368989	0.0507654257713697	1.21246911065232	0.225332859845545	6955.28927203768
A_101.scale(PC10)	-0.0540999409805794	0.0493425952739313	-1.09641458217261	0.272897385339935	6955.28927203768
A_101.scale(N_CNV)	-0.148192217150593	0.106480067247664	-1.39173669759158	0.16400214527336	6955.28927203768
A_101.scale(LEN_CNV)	0.0989276773977389	0.0607092948746171	1.62953099030477	0.103200659916463	6955.28927203768
A_201.(Intercept)	-6.03506680891415	0.152380288311529	-39.6052985316313	0	6874.22689408846
A_201.as.numeric(gcounts)	-0.0393208566133248	0.0713916003671945	-0.550777071967606	0.581786503397623	6874.22689408846
A_201.scale(age)	-0.404577682218665	0.0441010392635216	-9.17388091017877	4.56289074847139e-20	6874.22689408846
A_201.sex	-6.05587870308054	1.00087089071367	-6.05060928364337	1.44299035404284e-09	6874.22689408846
A_201.Array	0.0930512041031756	0.153474055398011	0.606299246226744	0.544316059066846	6874.22689408846
A_201.scale(PC1)	0.00929973569106267	0.0469227616053886	0.198192420328361	0.842894517565518	6874.22689408846
A_201.scale(PC2)	0.0023843067688069	0.0452830715045264	0.0526533799406377	0.958008084880373	6874.22689408846
A_201.scale(PC3)	-0.0222920478882452	0.0462494957900248	-0.481995479247003	0.62980915773197	6874.22689408846
A_201.scale(PC4)	-0.0733381351779137	0.063612267570461	-1.15289295569726	0.248954323780607	6874.22689408846
A_201.scale(PC5)	-0.0177678411971471	0.063992615447037	-0.277654555498712	0.781277548777216	6874.22689408846
A_201.scale(PC6)	-0.0108476151098719	0.0457959490365581	-0.236868442254847	0.812758852782625	6874.22689408846
A_201.scale(PC7)	0.000166588296610435	0.0465758919694677	0.00357670652275731	0.997146207171651	6874.22689408846
A_201.scale(PC8)	-0.0705191015471679	0.0492640604835671	-1.43145126193345	0.152300925746192	6874.22689408846
A_201.scale(PC9)	0.0590270790891028	0.0511298801713011	1.15445369500855	0.24831421219376	6874.22689408846
A_201.scale(PC10)	-0.062443181915145	0.0496504552857574	-1.25765577688584	0.20851627211948	6874.22689408846
A_201.scale(N_CNV)	-0.149526062427704	0.105712867292982	-1.41445470411179	0.157228437911165	6874.22689408846
A_201.scale(LEN_CNV)	0.102611808188549	0.0601506971138129	1.70591220238718	0.0880244274986301	6874.22689408846
A_205.(Intercept)	-6.07969129975443	0.147758962828807	-41.1460068706514	0	6954.8216858565
A_205.as.numeric(gcounts)	0.397445255795674	0.303195313075242	1.31085553983166	0.189906574169267	6954.8216858565
A_205.scale(age)	-0.408927276943484	0.0438532545031806	-9.32490146002335	1.11086768972884e-20	6954.8216858565
A_205.sex	-6.06803477402547	1.00084500603142	-6.06291157717482	1.33679166581485e-09	6954.8216858565
A_205.Array	0.105291835764132	0.153380693010084	0.686473855984009	0.492414345132787	6954.8216858565
A_205.scale(PC1)	0.0117393851051843	0.0466263446256009	0.251775797554985	0.801214365553071	6954.8216858565
A_205.scale(PC2)	0.00534277086795497	0.0450162688129011	0.118685333299409	0.9055246567413	6954.8216858565
A_205.scale(PC3)	-0.0231281440002535	0.0459568982859452	-0.503257288086535	0.614783391793609	6954.8216858565
A_205.scale(PC4)	-0.0893988879092007	0.0630999474157223	-1.41678228858437	0.156546589534073	6954.8216858565
A_205.scale(PC5)	-0.004680484594961	0.0635571864623932	-0.0736420986434074	0.94129517218933	6954.8216858565
A_205.scale(PC6)	-0.0135303083115335	0.045541885155382	-0.297095920938936	0.766393278475031	6954.8216858565
A_205.scale(PC7)	0.00118389460719198	0.046263103852065	0.0255904707772679	0.979583986800686	6954.8216858565
A_205.scale(PC8)	-0.0730947798551554	0.0489712034237146	-1.49260738444011	0.135539989243461	6954.8216858565
A_205.scale(PC9)	0.0615531816045052	0.0507621727354534	1.21257972792632	0.225290543341552	6954.8216858565
A_205.scale(PC10)	-0.0538778958043576	0.0493387685060621	-1.09199920135294	0.274833452218228	6954.8216858565
A_205.scale(N_CNV)	-0.149081223690628	0.106266013331579	-1.40290596228029	0.160644882703055	6954.8216858565
A_205.scale(LEN_CNV)	0.099837504197567	0.0606605763980744	1.64583837025222	0.0997970401882833	6954.8216858565
A_206.(Intercept)	-6.06834822111606	0.147606400372031	-41.1116876085401	0	6930.76554147196
A_206.as.numeric(gcounts)	-11.8480498398019	174.483820348794	-0.0679034297628147	0.945862508501306	6930.76554147196
A_206.scale(age)	-0.405864706311195	0.0439260211504122	-9.23973298017197	2.47113135504595e-20	6930.76554147196
A_206.sex	-6.0637847261638	1.00099679949161	-6.05774636766423	1.38041823014664e-09	6930.76554147196
A_206.Array	0.101716465748579	0.153411393078378	0.663030715695361	0.507310882245752	6930.76554147196
A_206.scale(PC1)	0.0161285118436365	0.0467025786979827	0.345345209906646	0.729834862288933	6930.76554147196
A_206.scale(PC2)	0.00955979281566282	0.0451025580079317	0.211956776686183	0.832140755338	6930.76554147196
A_206.scale(PC3)	-0.0251555456995336	0.046048038959416	-0.546289185554768	0.584867168828989	6930.76554147196
A_206.scale(PC4)	-0.0919198858110931	0.0632171025794214	-1.45403509589215	0.145936576239075	6930.76554147196
A_206.scale(PC5)	0.00210024362621893	0.0636174226468185	0.0330136547322695	0.973663698675598	6930.76554147196
A_206.scale(PC6)	-0.0134245788465471	0.045633749048117	-0.294180932458387	0.768619650024853	6930.76554147196
A_206.scale(PC7)	0.00581219681131656	0.0463751774404909	0.125329909923791	0.90026237416757	6930.76554147196
A_206.scale(PC8)	-0.0707250637217889	0.0490837131429246	-1.4409069565672	0.149610970501449	6930.76554147196
A_206.scale(PC9)	0.0633719889900874	0.0508804369153283	1.24550795614328	0.212945092801801	6930.76554147196
A_206.scale(PC10)	-0.0517106118152584	0.0494442308794914	-1.04583711578588	0.295636241731086	6930.76554147196
A_206.scale(N_CNV)	-0.145347971636563	0.105310085443774	-1.38019042548556	0.167528021178976	6930.76554147196
A_206.scale(LEN_CNV)	0.0989285712340955	0.0605638459663358	1.63345919757283	0.102372455478284	6930.76554147196
A_301.(Intercept)	-6.06696681984916	0.149801224784401	-40.5001149261691	0	6932.0972566024
A_301.as.numeric(gcounts)	-0.013037719091211	0.0897604427047266	-0.145250164753527	0.884513360111513	6932.0972566024
A_301.scale(age)	-0.407741247458903	0.0439293390568702	-9.28175238263995	1.66713729306308e-20	6932.0972566024
A_301.sex	-6.064075020897	1.00085037338395	-6.05892267431932	1.3703624507331e-09	6932.0972566024
A_301.Array	0.100476745437572	0.153410987033442	0.654951430666889	0.512499025472903	6932.0972566024
A_301.scale(PC1)	0.0127541124165804	0.0467139894663097	0.273025544645008	0.784833579500288	6932.0972566024
A_301.scale(PC2)	0.00531427847920676	0.0451177438991553	0.117786884270741	0.906236522036041	6932.0972566024
A_301.scale(PC3)	-0.0250588363772979	0.0460475373266451	-0.544194930546216	0.586307339968813	6932.0972566024
A_301.scale(PC4)	-0.089248388727991	0.0632347459314624	-1.41138210351511	0.158131977036476	6932.0972566024
A_301.scale(PC5)	-0.00577759717069311	0.063711046560027	-0.0906843865019482	0.927743377273954	6932.0972566024
A_301.scale(PC6)	-0.0103619503010307	0.045626032681617	-0.227106099128482	0.820341241538086	6932.0972566024
A_301.scale(PC7)	0.00313221155962514	0.0463571868527872	0.0675669032629579	0.94613040253715	6932.0972566024
A_301.scale(PC8)	-0.0721521524974577	0.0490640378760544	-1.47057102555906	0.141407164533995	6932.0972566024
A_301.scale(PC9)	0.0642355916604243	0.0509913914887154	1.25973404108103	0.20776532095802	6932.0972566024
A_301.scale(PC10)	-0.0549214847019721	0.0494478512667139	-1.1106950715762	0.266699624335033	6932.0972566024
A_301.scale(N_CNV)	-0.148511947401161	0.106155162856598	-1.39900823855154	0.161810512549425	6932.0972566024
A_301.scale(LEN_CNV)	0.100052788556535	0.0604147238476632	1.6560994106142	0.0977016887006774	6932.0972566024
A_302.(Intercept)	-6.07358996932539	0.147622794613689	-41.1426296678588	0	6955.52248404704
A_302.as.numeric(gcounts)	0.628530709856238	0.708124453744984	0.887599215833027	0.374756375628367	6955.52248404704
A_302.scale(age)	-0.408566787510962	0.0438466807390955	-9.31807791659512	1.18466859716737e-20	6955.52248404704
A_302.sex	-6.06785117124859	1.00084556936365	-6.06272471696769	1.33834623444196e-09	6955.52248404704
A_302.Array	0.104828636434645	0.153385241723471	0.683433655394531	0.494332859493046	6955.52248404704
A_302.scale(PC1)	0.0116723693445547	0.0466241719721549	0.250350169253959	0.802316561920526	6955.52248404704
A_302.scale(PC2)	0.00528474083856448	0.0450163048160899	0.117396149243142	0.906546135432241	6955.52248404704
A_302.scale(PC3)	-0.0230581158649653	0.0459642081833239	-0.501653716583134	0.615911126721646	6955.52248404704
A_302.scale(PC4)	-0.0892473536064894	0.063099807268402	-1.41438393348597	0.157249204838056	6955.52248404704
A_302.scale(PC5)	-0.00365105186452631	0.0635532560024765	-0.0574486988421811	0.954187770961776	6955.52248404704
A_302.scale(PC6)	-0.0135769019678726	0.0455316208680044	-0.298186221115033	0.76556103767101	6955.52248404704
A_302.scale(PC7)	0.00107994961999567	0.046257533039994	0.0233464594634122	0.98137391250719	6955.52248404704
A_302.scale(PC8)	-0.0727892090376588	0.0489670097497172	-1.48649487501285	0.137148271451315	6955.52248404704
A_302.scale(PC9)	0.0613059200500301	0.0507507178983821	1.20798133679178	0.227054441217228	6955.52248404704
A_302.scale(PC10)	-0.0542856896431455	0.0493373409621404	-1.10029621752016	0.271203079656024	6955.52248404704
A_302.scale(N_CNV)	-0.148398157000853	0.106573436542161	-1.39244976811971	0.163786242708846	6955.52248404704
A_302.scale(LEN_CNV)	0.0990271336832233	0.0607334341541903	1.63052089944087	0.10299145178898	6955.52248404704
A_1101.(Intercept)	-6.07433002067736	0.14847530060002	-40.9113838876211	0	6932.35752742179
A_1101.as.numeric(gcounts)	0.040014121490687	0.130557731092396	0.306486036145719	0.759234610168843	6932.35752742179
A_1101.scale(age)	-0.407680439108332	0.0439277737980053	-9.28069883493263	1.68370579272863e-20	6932.35752742179
A_1101.sex	-6.06407744159602	1.00085070305162	-6.05892309722765	1.37035884832912e-09	6932.35752742179
A_1101.Array	0.0999709199659472	0.153411030715822	0.651654053163445	0.514624369337656	6932.35752742179
A_1101.scale(PC1)	0.011785239065329	0.0467134917962219	0.252287692744951	0.800818700299766	6932.35752742179
A_1101.scale(PC2)	0.00743429947528627	0.0451138135075342	0.164789870269883	0.869109377391188	6932.35752742179
A_1101.scale(PC3)	-0.0202894807391863	0.0460537799894546	-0.440560595543562	0.659531135010992	6932.35752742179
A_1101.scale(PC4)	-0.0848666714530742	0.0632535727606358	-1.34168976943368	0.179696605550248	6932.35752742179
A_1101.scale(PC5)	-0.00654420764305233	0.0636809129711932	-0.102765606485772	0.918149002748887	6932.35752742179
A_1101.scale(PC6)	-0.0178506104830045	0.0456362306418343	-0.391149975183118	0.695686382452479	6932.35752742179
A_1101.scale(PC7)	0.00387767331960802	0.0463801244535094	0.0836063586568192	0.933369411163274	6932.35752742179
A_1101.scale(PC8)	-0.0699662463546279	0.049086498714768	-1.42536640800535	0.154051313038481	6932.35752742179
A_1101.scale(PC9)	0.0603084437107013	0.0508214956799034	1.18667195649949	0.235357040782142	6932.35752742179
A_1101.scale(PC10)	-0.0567759234003349	0.0494494334148286	-1.14816125240596	0.250902001758195	6932.35752742179
A_1101.scale(N_CNV)	-0.146776791640309	0.106046257651597	-1.38408270966551	0.166333130553553	6932.35752742179
A_1101.scale(LEN_CNV)	0.0989123650151919	0.0607098215351753	1.6292646315536	0.103257010022816	6932.35752742179
A_2301.(Intercept)	-6.06846504710085	0.14782829754446	-41.0507673287364	0	6944.11188292971
A_2301.as.numeric(gcounts)	-0.15148169849722	0.260907169407463	-0.580596151655183	0.561512666552666	6944.11188292971
A_2301.scale(age)	-0.409694519751801	0.0438900284403821	-9.33456947534925	1.01402511782325e-20	6944.11188292971
A_2301.sex	-6.06592440929338	1.00084705427632	-6.06079059070566	1.35454091470054e-09	6944.11188292971
A_2301.Array	0.103315058439144	0.153395467819871	0.673520931925218	0.500615936625438	6944.11188292971
A_2301.scale(PC1)	0.0122764902314571	0.0466691799779013	0.26305348063262	0.792509358574114	6944.11188292971
A_2301.scale(PC2)	0.00531490761768733	0.0450601376375294	0.117951428831427	0.906106143309475	6944.11188292971
A_2301.scale(PC3)	-0.0213025363484391	0.0460022957847325	-0.463075504929672	0.64331024705981	6944.11188292971
A_2301.scale(PC4)	-0.0880524086515047	0.0631716966624542	-1.3938585363948	0.163360327401689	6944.11188292971
A_2301.scale(PC5)	-0.00531786733790684	0.0636255321910455	-0.0835807128801551	0.933389802162994	6944.11188292971
A_2301.scale(PC6)	-0.0175391415073492	0.0455898949439776	-0.384715549989792	0.700448173080004	6944.11188292971
A_2301.scale(PC7)	-0.000295415989189529	0.0463108726942524	-0.00637897694435358	0.994910347299877	6944.11188292971
A_2301.scale(PC8)	-0.0729258951071948	0.0490198265450706	-1.48768162286629	0.136834876275408	6944.11188292971
A_2301.scale(PC9)	0.0597785665926427	0.0507524157855453	1.17784672251342	0.238857718143631	6944.11188292971
A_2301.scale(PC10)	-0.0556554154109311	0.0493903145879596	-1.12684877339289	0.259806425053969	6944.11188292971
A_2301.scale(N_CNV)	-0.14891613347025	0.106474856953982	-1.39860374299082	0.161931843302839	6944.11188292971
A_2301.scale(LEN_CNV)	0.0996119109381299	0.0605033872684941	1.64638568905382	0.0996843775656316	6944.11188292971
A_2402.(Intercept)	-6.08346123808022	0.148777634912712	-40.889621895451	0	6923.43641304186
A_2402.as.numeric(gcounts)	0.111156789271876	0.116871151103043	0.951105454363769	0.34155084618704	6923.43641304186
A_2402.scale(age)	-0.41063520687699	0.0439424290007797	-9.3448454310458	9.20237861728458e-21	6923.43641304186
A_2402.sex	-6.06435511767942	1.00085517466616	-6.05917346603337	1.36822778448431e-09	6923.43641304186
A_2402.Array	0.102050478868563	0.15341245617127	0.665203344079399	0.505920441897594	6923.43641304186
A_2402.scale(PC1)	0.015667358506241	0.0466909621537811	0.335554415320016	0.7372069039794	6923.43641304186
A_2402.scale(PC2)	0.00367605561688275	0.0451056982047857	0.0814986966877883	0.935045361325012	6923.43641304186
A_2402.scale(PC3)	-0.0228642231811973	0.0460394772432576	-0.49662212844838	0.619455545493161	6923.43641304186
A_2402.scale(PC4)	-0.0888013284091741	0.0631945035484956	-1.40520651991558	0.159959875933936	6923.43641304186
A_2402.scale(PC5)	-0.00170202926696219	0.0636366371767238	-0.0267460592274152	0.978662276306548	6923.43641304186
A_2402.scale(PC6)	-0.0182589921882705	0.0456318673415219	-0.400136861628191	0.689055715436826	6923.43641304186
A_2402.scale(PC7)	-0.00208937370064632	0.0463557607743146	-0.0450725792381781	0.964049457800722	6923.43641304186
A_2402.scale(PC8)	-0.0754471943024766	0.049072714230803	-1.53745712836724	0.124181405852071	6923.43641304186
A_2402.scale(PC9)	0.0584401402394579	0.0508095716731587	1.15017974596173	0.250069846500362	6923.43641304186
A_2402.scale(PC10)	-0.0589607705394682	0.0494524314282387	-1.19227242901145	0.233154441594005	6923.43641304186
A_2402.scale(N_CNV)	-0.148270297294958	0.106319835926862	-1.39456852996795	0.163145990540047	6923.43641304186
A_2402.scale(LEN_CNV)	0.099699696752354	0.0607057483338733	1.64234359164834	0.100518817921906	6923.43641304186
A_2501.(Intercept)	-6.08045485718981	0.149344406679363	-40.7143125905231	0	6878.91338291205
A_2501.as.numeric(gcounts)	-0.272943097426901	0.304357732927377	-0.89678384314956	0.369834270993742	6878.91338291205
A_2501.scale(age)	-0.41255628262457	0.0441209616774241	-9.35057321825485	8.71739837756856e-21	6878.91338291205
A_2501.sex	-6.05537937178858	1.00086289143224	-6.05015874164673	1.44703177944167e-09	6878.91338291205
A_2501.Array	0.115292078245023	0.154958166622371	0.744020665435377	0.456863973019407	6878.91338291205
A_2501.scale(PC1)	0.0104843470611044	0.0468979847371106	0.22355645172975	0.823102452482332	6878.91338291205
A_2501.scale(PC2)	-0.00141015698449581	0.0452654343860365	-0.0311530642226824	0.975147471052133	6878.91338291205
A_2501.scale(PC3)	-0.0186411000790734	0.0462321444176168	-0.403206477092813	0.686796335184509	6878.91338291205
A_2501.scale(PC4)	-0.0854013745768516	0.0634812968020282	-1.34529977929063	0.178528444824159	6878.91338291205
A_2501.scale(PC5)	-0.000989725604122453	0.0638771229351188	-0.0154942107384476	0.987637903101213	6878.91338291205
A_2501.scale(PC6)	-0.0124128469520527	0.0458083570221617	-0.270973415310386	0.786411479076063	6878.91338291205
A_2501.scale(PC7)	0.000628011783710231	0.0465345366498349	0.0134956062512435	0.989232390987713	6878.91338291205
A_2501.scale(PC8)	-0.0731170112452673	0.0492569212458617	-1.48440075822665	0.137702633738814	6878.91338291205
A_2501.scale(PC9)	0.0592975104241149	0.0509172918230352	1.1645849239234	0.244187049253994	6878.91338291205
A_2501.scale(PC10)	-0.0498409678073497	0.0496332497620409	-1.00418505832893	0.315289422706386	6878.91338291205
A_2501.scale(N_CNV)	-0.141191586995477	0.106760079986793	-1.32251293754129	0.18599740413387	6878.91338291205
A_2501.scale(LEN_CNV)	0.0939752627648864	0.0624880146512644	1.50389259907435	0.132609022945486	6878.91338291205
A_2601.(Intercept)	-6.08482857955376	0.149412028006313	-40.7251588827685	0	6857.13787988009
A_2601.as.numeric(gcounts)	-0.0415592385694771	0.252980595804501	-0.164278364660005	0.869512012796774	6857.13787988009
A_2601.scale(age)	-0.408563984883043	0.0441878327280585	-9.24607430731973	2.32889272205957e-20	6857.13787988009
A_2601.sex	-6.0526151051381	1.00086684868782	-6.04737294783349	1.4722668504603e-09	6857.13787988009
A_2601.Array	0.111058036116168	0.15498968791574	0.716551130656802	0.473651107568413	6857.13787988009
A_2601.scale(PC1)	0.0193778151495871	0.0469809351913262	0.412461247752358	0.680001378941149	6857.13787988009
A_2601.scale(PC2)	0.00391623131991078	0.0453839975761109	0.0862910172984011	0.931235078999388	6857.13787988009
A_2601.scale(PC3)	-0.0214927853849257	0.0463017768866239	-0.464189213246689	0.6425121887403	6857.13787988009
A_2601.scale(PC4)	-0.0875780674411414	0.0635728111170335	-1.37760256157174	0.168326029639575	6857.13787988009
A_2601.scale(PC5)	-0.00232280308767388	0.064037382210149	-0.0362726115201153	0.971064988404296	6857.13787988009
A_2601.scale(PC6)	-0.0156213906849014	0.0459023003359642	-0.340318253563909	0.733616872310942	6857.13787988009
A_2601.scale(PC7)	0.00556667214204518	0.0466369112378709	0.119361938736733	0.904988614155977	6857.13787988009
A_2601.scale(PC8)	-0.0700157535314292	0.0493603817809235	-1.41846053464863	0.156056352974045	6857.13787988009
A_2601.scale(PC9)	0.063994792552954	0.051128501816541	1.25164615193654	0.210698829571314	6857.13787988009
A_2601.scale(PC10)	-0.0488074984421672	0.0497293402250911	-0.981462818956549	0.326364561032474	6857.13787988009
A_2601.scale(N_CNV)	-0.142637067286658	0.104582856537251	-1.36386662221118	0.172609547513135	6857.13787988009
A_2601.scale(LEN_CNV)	0.0988978914386736	0.0606087641162364	1.6317424201062	0.102733759727119	6857.13787988009
A_2902.(Intercept)	-6.09226598985547	0.148326653603744	-41.0733057197596	0	6954.38233651135
A_2902.as.numeric(gcounts)	0.208663186382002	0.141299082533252	1.47674834571483	0.139743107492742	6954.38233651135
A_2902.scale(age)	-0.408690506919772	0.0438486853084164	-9.3204734428224	1.15822314076882e-20	6954.38233651135
A_2902.sex	-6.06760127758506	1.00084499449073	-6.06247851663836	1.3403971691923e-09	6954.38233651135
A_2902.Array	0.105365596723205	0.153380986206058	0.686953444031539	0.492112066769726	6954.38233651135
A_2902.scale(PC1)	0.011414655850719	0.0466301683922704	0.244791220882899	0.806618091874398	6954.38233651135
A_2902.scale(PC2)	0.00529255077887929	0.0450234805611437	0.117550902616065	0.906423509154345	6954.38233651135
A_2902.scale(PC3)	-0.0229306526117179	0.0459621337325506	-0.498903135027395	0.617847625372902	6954.38233651135
A_2902.scale(PC4)	-0.0895880082897319	0.0631014863529971	-1.41974481850659	0.155681985057968	6954.38233651135
A_2902.scale(PC5)	-0.00411305956629348	0.0635630591709484	-0.0647083324802177	0.948406228369427	6954.38233651135
A_2902.scale(PC6)	-0.0132976288240374	0.045536184140009	-0.292023345284082	0.770268774599914	6954.38233651135
A_2902.scale(PC7)	0.000525700979797353	0.0462802296574757	0.0113590832130289	0.990936957778736	6954.38233651135
A_2902.scale(PC8)	-0.0727744512179374	0.0489862276133282	-1.48561044121178	0.137382191667994	6954.38233651135
A_2902.scale(PC9)	0.0613416943181659	0.0507631543360222	1.20839012312198	0.226897237131389	6954.38233651135
A_2902.scale(PC10)	-0.0537904301363223	0.0493566151364772	-1.089832233989	0.275787052006196	6954.38233651135
A_2902.scale(N_CNV)	-0.149355378029193	0.106666112220219	-1.4002139472454	0.16144926050436	6954.38233651135
A_2902.scale(LEN_CNV)	0.0995532294682495	0.0606586068221708	1.64120534057275	0.10075479749799	6954.38233651135
A_3001.(Intercept)	-6.07821806503496	0.147785985233244	-41.1285146926618	0	6955.97400681421
A_3001.as.numeric(gcounts)	0.231579760783302	0.278943728967648	0.830202426992581	0.40642434328336	6955.97400681421
A_3001.scale(age)	-0.408494627382446	0.0438443054196704	-9.3169369082804	1.19747384828098e-20	6955.97400681421
A_3001.sex	-6.06786495358938	1.00084506715341	-6.06274152986291	1.33820628878452e-09	6955.97400681421
A_3001.Array	0.105712458495061	0.153380160629619	0.689218592946542	0.490685718025471	6955.97400681421
A_3001.scale(PC1)	0.0114033306245339	0.0466272812856368	0.244563489659145	0.806794436685365	6955.97400681421
A_3001.scale(PC2)	0.00525316503883618	0.0450258510758827	0.116669977653125	0.907121582123461	6955.97400681421
A_3001.scale(PC3)	-0.023113041789506	0.0459554364786546	-0.502944669021729	0.615003174366144	6955.97400681421
A_3001.scale(PC4)	-0.0892198078137087	0.063100090953726	-1.41394103344696	0.157379216608692	6955.97400681421
A_3001.scale(PC5)	-0.00372600905936174	0.0635614084345445	-0.0586206182513842	0.953254287931868	6955.97400681421
A_3001.scale(PC6)	-0.0135340773951424	0.0455391753650639	-0.297196365253581	0.766316596688027	6955.97400681421
A_3001.scale(PC7)	0.00101410112193456	0.0462689192577527	0.0219175450432558	0.982513729216065	6955.97400681421
A_3001.scale(PC8)	-0.0728800079473457	0.0489680750619906	-1.48831678302821	0.136667370966731	6955.97400681421
A_3001.scale(PC9)	0.0611781627015342	0.0507607384242481	1.20522601917686	0.228116060424241	6955.97400681421
A_3001.scale(PC10)	-0.054399411867382	0.0493481040562496	-1.10236072707828	0.270304878131209	6955.97400681421
A_3001.scale(N_CNV)	-0.147854739065958	0.106492285782222	-1.38840797697142	0.16501284870799	6955.97400681421
A_3001.scale(LEN_CNV)	0.0985465094892955	0.0606459738350655	1.6249472678484	0.104173795296063	6955.97400681421
A_3002.(Intercept)	-6.07291205585906	0.147737866673461	-41.1059953185987	0	6956.49119729033
A_3002.as.numeric(gcounts)	0.00318247365048854	0.319035367742833	0.00997530045964639	0.992040993769731	6956.49119729033
A_3002.scale(age)	-0.408573063265418	0.0438449359994935	-9.31859184992624	1.17894517317933e-20	6956.49119729033
A_3002.sex	-6.06795920064673	1.00084520446636	-6.06283486553959	1.33742964907101e-09	6956.49119729033
A_3002.Array	0.105642912020572	0.153379648969718	0.68876746511155	0.490969612810166	6956.49119729033
A_3002.scale(PC1)	0.0116352531963936	0.0466242974067085	0.24955342693742	0.802932719031699	6956.49119729033
A_3002.scale(PC2)	0.00526750885608273	0.0450186267787844	0.117007319702722	0.906854253043865	6956.49119729033
A_3002.scale(PC3)	-0.0229778789750273	0.0459590545036321	-0.499964135972626	0.617100330639421	6956.49119729033
A_3002.scale(PC4)	-0.0895496522745795	0.0631044878612916	-1.41906947207014	0.155878763048767	6956.49119729033
A_3002.scale(PC5)	-0.00364515974329687	0.0635517880952955	-0.0573573120842953	0.954260567010761	6956.49119729033
A_3002.scale(PC6)	-0.0134607408088848	0.0455385183978243	-0.295590223012787	0.76754304107016	6956.49119729033
A_3002.scale(PC7)	0.00103989361660053	0.0462677357440875	0.0224755674743261	0.982068601407381	6956.49119729033
A_3002.scale(PC8)	-0.0727908643196202	0.0489700940987772	-1.48643505100877	0.137164084359667	6956.49119729033
A_3002.scale(PC9)	0.0615761602159757	0.0507566656813925	1.21316401283132	0.225067120018419	6956.49119729033
A_3002.scale(PC10)	-0.0542237155861996	0.0493532289651582	-1.09868628098234	0.271904928603279	6956.49119729033
A_3002.scale(N_CNV)	-0.148357932480345	0.106558256993513	-1.39227063829861	0.163840459246322	6956.49119729033
A_3002.scale(LEN_CNV)	0.0989082048995901	0.0607357319119113	1.62850107813046	0.103418680812266	6956.49119729033
A_3101.(Intercept)	-6.08077780848543	0.148035197855503	-41.0765675769952	0	6933.55727102854
A_3101.as.numeric(gcounts)	0.173501680040418	0.180040690494082	0.963680374499126	0.335206196641679	6933.55727102854
A_3101.scale(age)	-0.404214330111071	0.0439171841249647	-9.20401292033875	3.448258052154e-20	6933.55727102854
A_3101.sex	-6.06422282161563	1.00084976619372	-6.05907402534363	1.36907380668368e-09	6933.55727102854
A_3101.Array	0.101229366522489	0.153409665570313	0.659863028487552	0.509341731716563	6933.55727102854
A_3101.scale(PC1)	0.0153929801259104	0.0467108176299785	0.329537801026016	0.741749226911629	6933.55727102854
A_3101.scale(PC2)	0.0070050247883268	0.0451077664698128	0.155295314677457	0.876588509152423	6933.55727102854
A_3101.scale(PC3)	-0.0247230699748045	0.0460450422423625	-0.536932290010123	0.59131438564788	6933.55727102854
A_3101.scale(PC4)	-0.0864189516167214	0.0632499103215122	-1.36630947265279	0.171841849054809	6933.55727102854
A_3101.scale(PC5)	-0.00596839685370658	0.0637148254100161	-0.093673596612702	0.925368444882167	6933.55727102854
A_3101.scale(PC6)	-0.0203257696290214	0.0456287516488496	-0.445459691412221	0.655987583338639	6933.55727102854
A_3101.scale(PC7)	0.00338673620904603	0.046376425433716	0.07302710757401	0.941784546371744	6933.55727102854
A_3101.scale(PC8)	-0.07138218198964	0.049084863918986	-1.45426056609743	0.145874078916604	6933.55727102854
A_3101.scale(PC9)	0.06178031066981	0.0508917438907934	1.21395546598643	0.22476473057579	6933.55727102854
A_3101.scale(PC10)	-0.0589224913539887	0.0494511777997111	-1.19152857375083	0.233446146217867	6933.55727102854
A_3101.scale(N_CNV)	-0.14575720031058	0.107119988129623	-1.36069096772306	0.173611370170607	6933.55727102854
A_3101.scale(LEN_CNV)	0.0962552843333656	0.0616277478168811	1.56188223232456	0.118315734880355	6933.55727102854
A_3201.(Intercept)	-6.05029938564438	0.147938266100793	-40.897460441521	0	6952.30101454051
A_3201.as.numeric(gcounts)	-0.381589450451832	0.206972253078743	-1.84367442870062	0.06523060184316	6952.30101454051
A_3201.scale(age)	-0.408470921959032	0.0438448680852402	-9.31627667723646	1.20494586965522e-20	6952.30101454051
A_3201.sex	-6.06739434214129	1.00084480491056	-6.06227290422265	1.34211233980882e-09	6952.30101454051
A_3201.Array	0.105181514014362	0.153380823868494	0.685754003411422	0.492868246038297	6952.30101454051
A_3201.scale(PC1)	0.0114279390405413	0.0466169987506564	0.24514531923573	0.806343913574811	6952.30101454051
A_3201.scale(PC2)	0.00542539454093275	0.0450090582176942	0.120540059174131	0.904055348337863	6952.30101454051
A_3201.scale(PC3)	-0.0232756113079443	0.0459449643101938	-0.506597657815138	0.612437152085113	6952.30101454051
A_3201.scale(PC4)	-0.0891621252533736	0.0631121345828757	-1.41275724300357	0.157727114013225	6952.30101454051
A_3201.scale(PC5)	-0.00418158427809465	0.0635760510210666	-0.0657729476892019	0.947558594201884	6952.30101454051
A_3201.scale(PC6)	-0.013686413438391	0.0455303699196165	-0.300599653869587	0.763719795430702	6952.30101454051
A_3201.scale(PC7)	0.00103425519766906	0.0462694795940123	0.0223528599574503	0.98216648324967	6952.30101454051
A_3201.scale(PC8)	-0.072724086164117	0.0489728489692994	-1.48498785949143	0.13754704015331	6952.30101454051
A_3201.scale(PC9)	0.0618318640438252	0.0507538924271752	1.21826841424124	0.223121988877545	6952.30101454051
A_3201.scale(PC10)	-0.0537609655055741	0.0493477106566883	-1.08943180524804	0.27596351223263	6952.30101454051
A_3201.scale(N_CNV)	-0.148728541230644	0.10667893868549	-1.3941696745702	0.163266373139124	6952.30101454051
A_3201.scale(LEN_CNV)	0.0992312427628635	0.0607525236067742	1.63336824335308	0.102391571842952	6952.30101454051
A_3301.(Intercept)	-6.07138732773271	0.147682334865823	-41.1111277002012	0	6956.45807766265
A_3301.as.numeric(gcounts)	-0.134385398729548	0.448464502801632	-0.299656712827927	0.764439020190197	6956.45807766265
A_3301.scale(age)	-0.408592720172957	0.0438447532084119	-9.31907902938238	1.17354494261487e-20	6956.45807766265
A_3301.sex	-6.06794119715598	1.00084524707546	-6.06281661913959	1.33758144154627e-09	6956.45807766265
A_3301.Array	0.10550194680916	0.153379477643854	0.687849172717453	0.491547766833723	6956.45807766265
A_3301.scale(PC1)	0.011711092958475	0.0466255265151603	0.251173420093542	0.801680033656016	6956.45807766265
A_3301.scale(PC2)	0.00528373209063551	0.0450208531453646	0.11736188280518	0.906573288393769	6956.45807766265
A_3301.scale(PC3)	-0.0230115368018423	0.0459619472182281	-0.500664967317052	0.616606931444708	6956.45807766265
A_3301.scale(PC4)	-0.0894443853005184	0.0631078468121476	-1.41732589240077	0.156387668376498	6956.45807766265
A_3301.scale(PC5)	-0.00384485126940638	0.0635554583090553	-0.0604960041466426	0.951760598252059	6956.45807766265
A_3301.scale(PC6)	-0.0134439665268805	0.0455416148303675	-0.295201796795224	0.767839729483829	6956.45807766265
A_3301.scale(PC7)	0.00106882615723946	0.0462689555918176	0.0231002870838191	0.981570276688465	6956.45807766265
A_3301.scale(PC8)	-0.0728863004697965	0.0489715552383309	-1.48833950882465	0.136661380621777	6956.45807766265
A_3301.scale(PC9)	0.0616413687656618	0.0507533092737055	1.21452905530236	0.22454576157238	6956.45807766265
A_3301.scale(PC10)	-0.054186765778479	0.0493468880398537	-1.0980786819772	0.272170133241076	6956.45807766265
A_3301.scale(N_CNV)	-0.148269998162273	0.106545062651664	-1.39161772936418	0.164038187181464	6956.45807766265
A_3301.scale(LEN_CNV)	0.0988313452334231	0.0607296430981411	1.62739874946586	0.103652436957821	6956.45807766265
A_3303.(Intercept)	-6.07344378855155	0.147641076815755	-41.1365449205625	0	6956.53024154548
A_3303.as.numeric(gcounts)	0.150641352669871	0.70874457275967	0.212546745978331	0.831680512749513	6956.53024154548
A_3303.scale(age)	-0.408575504488949	0.0438450798711652	-9.31861695062504	1.17866634040941e-20	6956.53024154548
A_3303.sex	-6.06787178975905	1.00084523665852	-6.06274733346148	1.33815798462711e-09	6956.53024154548
A_3303.Array	0.105599502777457	0.153379614109748	0.688484603318255	0.491147662764553	6956.53024154548
A_3303.scale(PC1)	0.0116112921022244	0.0466230926317523	0.249045943690073	0.803325242831163	6956.53024154548
A_3303.scale(PC2)	0.00532476426878157	0.0450203860318401	0.118274513795055	0.905850150683317	6956.53024154548
A_3303.scale(PC3)	-0.0231072782890079	0.0459626066324757	-0.502740814370633	0.615146510216415	6956.53024154548
A_3303.scale(PC4)	-0.089500102903032	0.0631044702369026	-1.41828467249684	0.156107669799863	6956.53024154548
A_3303.scale(PC5)	-0.00381775451625117	0.0635530887446928	-0.0600718956648662	0.952098373537474	6956.53024154548
A_3303.scale(PC6)	-0.0135634434968065	0.0455401556287379	-0.297834807754749	0.765829246718527	6956.53024154548
A_3303.scale(PC7)	0.00100904554546134	0.0462689879382677	0.0218082476065311	0.982600915114	6956.53024154548
A_3303.scale(PC8)	-0.07282904545796	0.0489696217553169	-1.48722907891468	0.136954318387495	6956.53024154548
A_3303.scale(PC9)	0.0614753341335791	0.050757805762862	1.21115034839742	0.225837788005182	6956.53024154548
A_3303.scale(PC10)	-0.0541604279546196	0.0493475760879675	-1.09752965086011	0.272409926414769	6956.53024154548
A_3303.scale(N_CNV)	-0.14842671083695	0.106567355191838	-1.3927971710451	0.163681134133936	6956.53024154548
A_3303.scale(LEN_CNV)	0.098980201209886	0.0607305918455192	1.62982441306784	0.103138612529804	6956.53024154548
A_6601.(Intercept)	-6.07314787690954	0.147653301476249	-41.131135004702	0	6956.60767746428
A_6601.as.numeric(gcounts)	0.036689408707767	0.580202465254437	0.0632355270873893	0.949578954853403	6956.60767746428
A_6601.scale(age)	-0.408554631686407	0.0438448472291287	-9.31819033491763	1.18341430623796e-20	6956.60767746428
A_6601.sex	-6.06787971434886	1.00084516043258	-6.06275571310772	1.33808824266562e-09	6956.60767746428
A_6601.Array	0.105619435430341	0.153379459463424	0.688615253957966	0.491065419209119	6956.60767746428
A_6601.scale(PC1)	0.0116361214775933	0.0466242409849934	0.249572351887477	0.802918082084096	6956.60767746428
A_6601.scale(PC2)	0.00527210997170164	0.0450195062296149	0.117107236690071	0.906775075148694	6956.60767746428
A_6601.scale(PC3)	-0.0230223330302069	0.0459605799123061	-0.500914763785271	0.616431111600234	6956.60767746428
A_6601.scale(PC4)	-0.0894952840580767	0.0631043623049045	-1.41821073518908	0.156129248633597	6956.60767746428
A_6601.scale(PC5)	-0.0036670990153567	0.0635534213836318	-0.0577010479612221	0.953986758936513	6956.60767746428
A_6601.scale(PC6)	-0.0135272341239618	0.0455394518586304	-0.297044289552601	0.766432696100903	6956.60767746428
A_6601.scale(PC7)	0.00100271982085528	0.0462675857646555	0.0216721880833747	0.982709449255133	6956.60767746428
A_6601.scale(PC8)	-0.072842127430104	0.0489699648603583	-1.4874858015075	0.136886550484903	6956.60767746428
A_6601.scale(PC9)	0.0615163099050936	0.0507559951589244	1.21200086240999	0.225512050510801	6956.60767746428
A_6601.scale(PC10)	-0.0542236558691504	0.0493476198445277	-1.09880995354963	0.271850969715367	6956.60767746428
A_6601.scale(N_CNV)	-0.148356814201901	0.106563037323836	-1.39219768812573	0.163862542670937	6956.60767746428
A_6601.scale(LEN_CNV)	0.0989134322452446	0.0607332922288368	1.62865256624898	0.103386589523594	6956.60767746428
A_6801.(Intercept)	-6.07763785151484	0.149478423115377	-40.6589641825678	0	6939.99075779432
A_6801.as.numeric(gcounts)	-0.335716910399654	0.21552044508238	-1.55770330871083	0.119303595811838	6939.99075779432
A_6801.scale(age)	-0.410452801473117	0.0438919032671679	-9.35144687107119	8.64568109890861e-21	6939.99075779432
A_6801.sex	-6.06551046976631	1.00084737167521	-6.06037507958275	1.35804488499491e-09	6939.99075779432
A_6801.Array	0.127889095060291	0.154882588964124	0.825716408252409	0.40896498221836	6939.99075779432
A_6801.scale(PC1)	0.0155807395300425	0.0466579300697899	0.333935506927486	0.738428225573446	6939.99075779432
A_6801.scale(PC2)	0.0072256415993898	0.0450619493987768	0.160349068244836	0.872606108026009	6939.99075779432
A_6801.scale(PC3)	-0.0246899143762024	0.0460006093775817	-0.536730158801657	0.591454020637066	6939.99075779432
A_6801.scale(PC4)	-0.0886085700068458	0.0631558542996727	-1.40301435218342	0.160612559187971	6939.99075779432
A_6801.scale(PC5)	-0.0017967428227498	0.0635818274295242	-0.0282587477489753	0.977455781976588	6939.99075779432
A_6801.scale(PC6)	-0.0132225047476819	0.045594565098213	-0.290001773658768	0.77181488070195	6939.99075779432
A_6801.scale(PC7)	-0.000426902804314523	0.046326850058337	-0.00921501901763118	0.992647582655492	6939.99075779432
A_6801.scale(PC8)	-0.0765178898693278	0.0490344455351095	-1.56049260951752	0.118643515095774	6939.99075779432
A_6801.scale(PC9)	0.0632588352515785	0.0508351177268181	1.24439242162326	0.213355170704669	6939.99075779432
A_6801.scale(PC10)	-0.0505045235218506	0.0493797367492169	-1.02277830637992	0.306412677270939	6939.99075779432
A_6801.scale(N_CNV)	-0.147585901495756	0.106484927133852	-1.38597926925601	0.16575323375972	6939.99075779432
A_6801.scale(LEN_CNV)	0.098644107701451	0.0609056127284146	1.61962261411468	0.105313368765912	6939.99075779432
A_6802.(Intercept)	-6.06970300262754	0.147661875679601	-41.1054171883721	0	6956.00009035036
A_6802.as.numeric(gcounts)	-0.369853403332051	0.501634969669916	-0.737295893815818	0.460942428745056	6956.00009035036
A_6802.scale(age)	-0.408473032552505	0.0438424075002616	-9.31684767881572	1.19848099928662e-20	6956.00009035036
A_6802.sex	-6.06768681587864	1.00084508014722	-6.06256346385406	1.33968918328516e-09	6956.00009035036
A_6802.Array	0.105952915704062	0.153380133968216	0.690786433437448	0.489699762421108	6956.00009035036
A_6802.scale(PC1)	0.0117405086922189	0.0466295278184719	0.251782705969586	0.801209025410094	6956.00009035036
A_6802.scale(PC2)	0.00528983880751961	0.0450188844200576	0.117502663063832	0.906461733844472	6956.00009035036
A_6802.scale(PC3)	-0.0230091372469711	0.0459620026720432	-0.500612155896476	0.616644105706284	6956.00009035036
A_6802.scale(PC4)	-0.0896981549001188	0.0631073342468967	-1.42135864191617	0.155212523423352	6956.00009035036
A_6802.scale(PC5)	-0.00336544790774642	0.0635582425514586	-0.0529506130541866	0.957771257542533	6956.00009035036
A_6802.scale(PC6)	-0.0136436074625704	0.0455373403165825	-0.299613621869832	0.764471892518428	6956.00009035036
A_6802.scale(PC7)	0.000944281203002175	0.0462690719354342	0.020408475110974	0.983717523098434	6956.00009035036
A_6802.scale(PC8)	-0.0727958235309804	0.0489721444864393	-1.48647408224359	0.137153767315754	6956.00009035036
A_6802.scale(PC9)	0.0615092568872515	0.0507554327098951	1.21187533241658	0.225560106001192	6956.00009035036
A_6802.scale(PC10)	-0.054153020065276	0.0493463245548542	-1.09740736627869	0.272463354740341	6956.00009035036
A_6802.scale(N_CNV)	-0.148402085192903	0.106525322533977	-1.39311556785541	0.163584846166352	6956.00009035036
A_6802.scale(LEN_CNV)	0.098927966893805	0.0606998362900089	1.62978968215254	0.103145955205867	6956.00009035036
B_702.(Intercept)	-6.06345593804239	0.149890095155665	-40.4526792230355	0	6917.39886842596
B_702.as.numeric(gcounts)	-0.0256471009005496	0.0895982346897243	-0.286245605054214	0.774690016559222	6917.39886842596
B_702.scale(age)	-0.409622117029924	0.0439786115029308	-9.31412118371736	1.22966262241893e-20	6917.39886842596
B_702.sex	-6.06223850426402	1.00085364466562	-6.05706792054438	1.38625067211127e-09	6917.39886842596
B_702.Array	0.0996052932533098	0.153426593501474	0.649204880197989	0.516205957740092	6917.39886842596
B_702.scale(PC1)	0.0157722319746411	0.0467338681281188	0.337490402707566	0.735747245752538	6917.39886842596
B_702.scale(PC2)	0.00808338247264683	0.0451514240427256	0.179028295209421	0.857915484241028	6917.39886842596
B_702.scale(PC3)	-0.016584497392065	0.0460890900590153	-0.359835643767955	0.718970046276134	6917.39886842596
B_702.scale(PC4)	-0.0937417347754532	0.0631983443893562	-1.48329415400384	0.137996274881487	6917.39886842596
B_702.scale(PC5)	0.00648171709404901	0.0636157769428138	0.101888515798143	0.918845165586871	6917.39886842596
B_702.scale(PC6)	-0.0138543678922265	0.0456700956132237	-0.303357540775874	0.761617399538272	6917.39886842596
B_702.scale(PC7)	-0.0029546868604694	0.0463743187191332	-0.0637138602157048	0.949198068315342	6917.39886842596
B_702.scale(PC8)	-0.0786281471888764	0.0491168973328327	-1.60083701248606	0.109413023454135	6917.39886842596
B_702.scale(PC9)	0.0629455442116822	0.0509630730986084	1.23512065471187	0.216785603390123	6917.39886842596
B_702.scale(PC10)	-0.0569427886122916	0.0494971219419561	-1.15042625466319	0.249968351712627	6917.39886842596
B_702.scale(N_CNV)	-0.148564110769323	0.106188403145118	-1.39906153938763	0.16179452977802	6917.39886842596
B_702.scale(LEN_CNV)	0.0999723162064759	0.0604621384884602	1.65346973669409	0.0982353003299506	6917.39886842596
B_705.(Intercept)	-6.07198907682887	0.147629065759735	-41.1300379473443	0	6956.26436060223
B_705.as.numeric(gcounts)	-0.290357188587817	1.00238169757358	-0.289667288709151	0.772070783710602	6956.26436060223
B_705.scale(age)	-0.408575346191476	0.0438434121190756	-9.31896780938981	1.17477562239311e-20	6956.26436060223
B_705.sex	-6.06794378998856	1.00084538161501	-6.06281839478244	1.33756666917029e-09	6956.26436060223
B_705.Array	0.105558785472127	0.153379618856461	0.688219114502521	0.491314808687247	6956.26436060223
B_705.scale(PC1)	0.0116058635204522	0.0466216057031023	0.248937447465047	0.803409168003359	6956.26436060223
B_705.scale(PC2)	0.00526463331818614	0.0450186092365964	0.116943490868803	0.906904833843732	6956.26436060223
B_705.scale(PC3)	-0.0229384314797794	0.0459623259200725	-0.49907029334566	0.617729864489942	6956.26436060223
B_705.scale(PC4)	-0.0895471511276389	0.0631042905093942	-1.41903427492475	0.155889023732929	6956.26436060223
B_705.scale(PC5)	-0.0038494930322182	0.0635515087633264	-0.0605728031816551	0.95169943365668	6956.26436060223
B_705.scale(PC6)	-0.0135693564023284	0.0455415359256158	-0.297955616264053	0.765737038930817	6956.26436060223
B_705.scale(PC7)	0.000975818166434336	0.0462704159203974	0.0210894617440464	0.983174291336858	6956.26436060223
B_705.scale(PC8)	-0.0727679943288028	0.0489719094373911	-1.48591294815315	0.13730214826947	6956.26436060223
B_705.scale(PC9)	0.061478078229187	0.0507566534154144	1.21123190936218	0.225806536502945	6956.26436060223
B_705.scale(PC10)	-0.0543036033563763	0.0493464187040662	-1.10045682711118	0.271133130340085	6956.26436060223
B_705.scale(N_CNV)	-0.148268838159773	0.106507996830518	-1.39209113467515	0.163894802486623	6956.26436060223
B_705.scale(LEN_CNV)	0.0989032289763259	0.060716406154787	1.62893746912799	0.103326257055899	6956.26436060223
B_801.(Intercept)	-6.08339132975507	0.150032737985639	-40.5470926641182	0	6953.86883395672
B_801.as.numeric(gcounts)	0.0416923163561548	0.0884852119415215	0.471178352194134	0.637513376351059	6953.86883395672
B_801.scale(age)	-0.408681677655251	0.0438459852529334	-9.32084603180195	1.15416273611862e-20	6953.86883395672
B_801.sex	-6.06817877259785	1.00084722837587	-6.06304199137866	1.33570773827451e-09	6953.86883395672
B_801.Array	0.106393191662666	0.153381180962552	0.693652187282623	0.487900357303437	6953.86883395672
B_801.scale(PC1)	0.0119939544056315	0.0466323272584788	0.257202569778474	0.797022400331229	6953.86883395672
B_801.scale(PC2)	0.00510204836711041	0.0450222162726726	0.113322905656407	0.909774558123491	6953.86883395672
B_801.scale(PC3)	-0.0227471365674423	0.0459599072503673	-0.494934344482614	0.62064646646484	6953.86883395672
B_801.scale(PC4)	-0.0895962156193071	0.0631218204346325	-1.41941748514828	0.155777337736629	6953.86883395672
B_801.scale(PC5)	-0.00445979425344921	0.0635720213420998	-0.0701534127639224	0.944071554146149	6953.86883395672
B_801.scale(PC6)	-0.013528523132459	0.0455322264169902	-0.297119736877416	0.766375096564792	6953.86883395672
B_801.scale(PC7)	0.000842585168985547	0.0462656640865665	0.0182118896512327	0.985469817640022	6953.86883395672
B_801.scale(PC8)	-0.072460784478145	0.0489668135775226	-1.47979374568508	0.13892829828268	6953.86883395672
B_801.scale(PC9)	0.0617060270066451	0.0507591800044435	1.21566240828247	0.224113549830534	6953.86883395672
B_801.scale(PC10)	-0.0542728481745648	0.04934090279776	-1.09995652890706	0.271351062890088	6953.86883395672
B_801.scale(N_CNV)	-0.148293054344599	0.106542942577516	-1.39186182357135	0.163964244287457	6953.86883395672
B_801.scale(LEN_CNV)	0.0989063233207273	0.0607517803355092	1.62803991544783	0.103516422399212	6953.86883395672
B_1302.(Intercept)	-6.06856589857199	0.1478505905631	-41.0452597819149	0	6955.11399860386
B_1302.as.numeric(gcounts)	-0.0833649967581204	0.237797936318423	-0.350570732651315	0.72591041661323	6955.11399860386
B_1302.scale(age)	-0.408591953320759	0.0438430287039107	-9.31942809152493	1.16969074760787e-20	6955.11399860386
B_1302.sex	-6.06789684489152	1.00084634445977	-6.06276565676702	1.33800548836243e-09	6955.11399860386
B_1302.Array	0.10562577841355	0.153379541408112	0.68865624087701	0.491039619788911	6955.11399860386
B_1302.scale(PC1)	0.0114606810969418	0.0466236528550129	0.245812595005832	0.805827306756182	6955.11399860386
B_1302.scale(PC2)	0.0051044976647098	0.0450147453207132	0.113396124499698	0.909716512096355	6955.11399860386
B_1302.scale(PC3)	-0.0228154337589404	0.0459637432578407	-0.496378931344945	0.619627086869199	6955.11399860386
B_1302.scale(PC4)	-0.0896766166086082	0.0631002900472224	-1.4211759809899	0.155265605526757	6955.11399860386
B_1302.scale(PC5)	-0.00391594396677325	0.0635427060492174	-0.061626962561842	0.95085990472774	6955.11399860386
B_1302.scale(PC6)	-0.0134833930263463	0.0455387493529557	-0.296086151199301	0.767164289821914	6955.11399860386
B_1302.scale(PC7)	0.000845148251781524	0.0462763674135072	0.0182630638275821	0.985428993344564	6955.11399860386
B_1302.scale(PC8)	-0.0727286843508159	0.0489726821593827	-1.48508681052262	0.1375208295038	6955.11399860386
B_1302.scale(PC9)	0.0618355885332545	0.0507594703326156	1.21820791525324	0.223144972529347	6955.11399860386
B_1302.scale(PC10)	-0.0540995098907581	0.0493497158076756	-1.09624764814438	0.272970412861976	6955.11399860386
B_1302.scale(N_CNV)	-0.148443093152685	0.106557737103071	-1.39307662858024	0.163596619694852	6955.11399860386
B_1302.scale(LEN_CNV)	0.0989290768585584	0.0607625008818955	1.62812714129143	0.103497929601955	6955.11399860386
B_1401.(Intercept)	-6.06906935694882	0.147755452897911	-41.0750956253514	0	6955.84086853809
B_1401.as.numeric(gcounts)	-0.136683601408845	0.318825698186112	-0.428709486677129	0.668134655939569	6955.84086853809
B_1401.scale(age)	-0.408574961108297	0.0438476978770543	-9.31804817333652	1.18500067306835e-20	6955.84086853809
B_1401.sex	-6.0680139661044	1.0008455383838	-6.0628875619541	1.33699135991882e-09	6955.84086853809
B_1401.Array	0.105178661736724	0.153379411613397	0.68574172133242	0.492875992411733	6955.84086853809
B_1401.scale(PC1)	0.0116910320756176	0.0466215648991884	0.250764471353494	0.801996211784721	6955.84086853809
B_1401.scale(PC2)	0.00524781096198742	0.0450209940320082	0.116563640470853	0.90720585195386	6955.84086853809
B_1401.scale(PC3)	-0.0229831645859002	0.045955903915735	-0.50011342673277	0.6169952124774	6955.84086853809
B_1401.scale(PC4)	-0.089515346013716	0.0631019920019562	-1.41858193654078	0.156020935197206	6955.84086853809
B_1401.scale(PC5)	-0.00298896940152707	0.0635701318682008	-0.0470184552664459	0.962498518619348	6955.84086853809
B_1401.scale(PC6)	-0.0135984129921101	0.0455407833288349	-0.298598574686791	0.765246353093932	6955.84086853809
B_1401.scale(PC7)	0.000920776482703908	0.0462707782476118	0.0198997405614511	0.98412335210685	6955.84086853809
B_1401.scale(PC8)	-0.0728460508014839	0.0489654451026562	-1.48770322926223	0.136829175605766	6955.84086853809
B_1401.scale(PC9)	0.0615858409821847	0.050764389573097	1.21317012772321	0.225064782596526	6955.84086853809
B_1401.scale(PC10)	-0.0540984760837426	0.0493459989944019	-1.0963092689618	0.272943454455519	6955.84086853809
B_1401.scale(N_CNV)	-0.148294668591574	0.10643261454222	-1.39331979421354	0.163523107533638	6955.84086853809
B_1401.scale(LEN_CNV)	0.0990068442744844	0.0606788754910087	1.63165258870289	0.102752693076639	6955.84086853809
B_1402.(Intercept)	-6.07820309218201	0.14799833042483	-41.0694031124168	0	6955.47615304641
B_1402.as.numeric(gcounts)	0.11439747258577	0.191696748072942	0.59676271890768	0.550665811810495	6955.47615304641
B_1402.scale(age)	-0.408633868537301	0.0438438691571493	-9.32020545615255	1.16115233974374e-20	6955.47615304641
B_1402.sex	-6.06796452578953	1.000845791687	-6.0628366289691	1.33741497992563e-09	6955.47615304641
B_1402.Array	0.105640945165291	0.15337957046245	0.6887549942067	0.490977462004946	6955.47615304641
B_1402.scale(PC1)	0.0114041601373126	0.0466249995466959	0.244593249290889	0.806771391607763	6955.47615304641
B_1402.scale(PC2)	0.0053961229389158	0.0450177504265215	0.119866561251731	0.904588853700182	6955.47615304641
B_1402.scale(PC3)	-0.0229031331652448	0.0459523952463816	-0.49840999674654	0.618195092157885	6955.47615304641
B_1402.scale(PC4)	-0.0895275127435252	0.0630978351385865	-1.41886821547664	0.155937440354506	6955.47615304641
B_1402.scale(PC5)	-0.0048149494672707	0.0635667565281656	-0.075746344948987	0.939620903939719	6955.47615304641
B_1402.scale(PC6)	-0.0134182203815397	0.0455375096591928	-0.294663025755316	0.768251310864533	6955.47615304641
B_1402.scale(PC7)	0.00101072806417697	0.0462652430811021	0.0218463796333067	0.982570497405408	6955.47615304641
B_1402.scale(PC8)	-0.0726925404960676	0.0489682007442619	-1.48448461228353	0.13768040243284	6955.47615304641
B_1402.scale(PC9)	0.0612988535452077	0.0507503600689959	1.20785061351035	0.2271047289356	6955.47615304641
B_1402.scale(PC10)	-0.0543872688479891	0.049348520692394	-1.1021053536134	0.270415872209616	6955.47615304641
B_1402.scale(N_CNV)	-0.148366643159915	0.10649188385088	-1.39322019476782	0.163553214741545	6955.47615304641
B_1402.scale(LEN_CNV)	0.0989981590047369	0.0607360842766572	1.6299726955362	0.103107267897785	6955.47615304641
B_1501.(Intercept)	-6.07938940345975	0.150019360707407	-40.5240321968628	0	6874.55429189923
B_1501.as.numeric(gcounts)	-0.0294800153792677	0.134321874137946	-0.219472930737939	0.82628166398808	6874.55429189923
B_1501.scale(age)	-0.40882317547777	0.0441004947393612	-9.27026279169791	1.85687855284072e-20	6874.55429189923
B_1501.sex	-6.05597618509261	1.00086715134215	-6.05072928707036	1.44191576303978e-09	6874.55429189923
B_1501.Array	0.116539453665811	0.154959132301941	0.752065734588212	0.452011528894856	6874.55429189923
B_1501.scale(PC1)	0.0197734688835685	0.0468943757812702	0.421659709808231	0.673273416663713	6874.55429189923
B_1501.scale(PC2)	0.00851497981357264	0.0452824342633415	0.188041565169697	0.850844068030088	6874.55429189923
B_1501.scale(PC3)	-0.0222417288171055	0.0462240514393295	-0.481172206341507	0.630394112702589	6874.55429189923
B_1501.scale(PC4)	-0.0840366321973564	0.0635146712487328	-1.32310583594547	0.185800184227794	6874.55429189923
B_1501.scale(PC5)	-0.00500580636140509	0.0639578448627219	-0.0782672770189407	0.937615446745455	6874.55429189923
B_1501.scale(PC6)	-0.000150054167734779	0.0458022021003797	-0.00327613435279642	0.997386027656774	6874.55429189923
B_1501.scale(PC7)	0.01148210229368	0.0465642134938392	0.246586411154549	0.805228322186486	6874.55429189923
B_1501.scale(PC8)	-0.0753176853922182	0.0492833424085519	-1.52825846850738	0.126448377118279	6874.55429189923
B_1501.scale(PC9)	0.0677439795672514	0.0511399050604805	1.32467941594991	0.185277503171728	6874.55429189923
B_1501.scale(PC10)	-0.0504365795951888	0.0496266793962293	-1.01631985473969	0.309477096777028	6874.55429189923
B_1501.scale(N_CNV)	-0.150430196807985	0.106476167236294	-1.41280627123013	0.157712693832202	6874.55429189923
B_1501.scale(LEN_CNV)	0.101388002112278	0.060099950629908	1.68698977369581	0.091605318341125	6874.55429189923
B_1517.(Intercept)	-6.06896889339108	0.147618009763768	-41.1126589709697	0	6952.95721609964
B_1517.as.numeric(gcounts)	-11.9144621864346	175.847669365628	-0.0677544503684135	0.945981103731439	6952.95721609964
B_1517.scale(age)	-0.408589403275821	0.0438458811754308	-9.31876364032972	1.17703813180139e-20	6952.95721609964
B_1517.sex	-6.06794921932648	1.00099289992543	-6.06193032915472	1.34497477344495e-09	6952.95721609964
B_1517.Array	0.105150007971027	0.153380323931348	0.685550827354437	0.492996398659662	6952.95721609964
B_1517.scale(PC1)	0.0115197954298494	0.0466149716686595	0.247126513595942	0.804810315090976	6952.95721609964
B_1517.scale(PC2)	0.00520677501275493	0.0450186326709148	0.115658222025896	0.907923417966039	6952.95721609964
B_1517.scale(PC3)	-0.0229049365733902	0.0459556298791123	-0.498414158039882	0.618192159740077	6952.95721609964
B_1517.scale(PC4)	-0.0895967707377753	0.0630872993895655	-1.42020298229146	0.155548595687799	6952.95721609964
B_1517.scale(PC5)	-0.00418168047278569	0.0635428947813718	-0.0658087814093668	0.947530064840456	6952.95721609964
B_1517.scale(PC6)	-0.0134663264031099	0.0455322216207471	-0.295753774442972	0.76741812711026	6952.95721609964
B_1517.scale(PC7)	0.000750260233005957	0.0462730390142815	0.0162137661365704	0.987063853118755	6952.95721609964
B_1517.scale(PC8)	-0.0727405277013039	0.0489804810374041	-1.48509214610929	0.137519416296062	6952.95721609964
B_1517.scale(PC9)	0.0621103147681723	0.0507764475032598	1.22321111109998	0.221249969990336	6952.95721609964
B_1517.scale(PC10)	-0.0539100561798036	0.049335575305542	-1.09272174989206	0.274515987227411	6952.95721609964
B_1517.scale(N_CNV)	-0.14851449673017	0.106600748839631	-1.39318436640246	0.163564046065023	6952.95721609964
B_1517.scale(LEN_CNV)	0.0987206773690814	0.0607320443471284	1.62551217286248	0.104053472217354	6952.95721609964
B_1518.(Intercept)	-6.08692646015743	0.149176268335703	-40.8035844311346	0	6940.41099326834
B_1518.as.numeric(gcounts)	-0.0660267120874143	1.00026129365391	-0.0660094642333122	0.947370290521845	6940.41099326834
B_1518.scale(age)	-0.407771611230438	0.0438836788977491	-9.29210178983771	1.51271163278162e-20	6940.41099326834
B_1518.sex	-6.0658969599719	1.00085141996447	-6.06073672772249	1.35499463906889e-09	6940.41099326834
B_1518.Array	0.12478524051963	0.154881068228828	0.805684270819126	0.420424921188002	6940.41099326834
B_1518.scale(PC1)	0.0120629989676464	0.046669604715628	0.258476561803982	0.796039135455756	6940.41099326834
B_1518.scale(PC2)	0.00614329485051934	0.0450569960874201	0.1363449715689	0.891548573633221	6940.41099326834
B_1518.scale(PC3)	-0.0218844726454503	0.0460047777852514	-0.475699996804815	0.634288123211589	6940.41099326834
B_1518.scale(PC4)	-0.0888125618139484	0.063147765039098	-1.40642446742113	0.159598119028235	6940.41099326834
B_1518.scale(PC5)	-0.00372617455443549	0.063594776855348	-0.0585924621279985	0.953276714719975	6940.41099326834
B_1518.scale(PC6)	-0.0125056326677853	0.0455737168391267	-0.274404493096968	0.783773790496101	6940.41099326834
B_1518.scale(PC7)	0.00151156215346758	0.0463113313451568	0.0326391427230186	0.973962355068562	6940.41099326834
B_1518.scale(PC8)	-0.0723580625392913	0.0490170406635137	-1.476181784127	0.139895098280189	6940.41099326834
B_1518.scale(PC9)	0.0625826622633455	0.0508865771089587	1.22984617592461	0.218754712930975	6940.41099326834
B_1518.scale(PC10)	-0.0552135505913812	0.0493983603129941	-1.11772030977428	0.263686465797024	6940.41099326834
B_1518.scale(N_CNV)	-0.146810447517199	0.105983035890623	-1.38522591170827	0.165983399888178	6940.41099326834
B_1518.scale(LEN_CNV)	0.098770754375912	0.0606042865850851	1.62976515262239	0.103151141394897	6940.41099326834
B_1801.(Intercept)	-6.07944293048471	0.148173598368181	-41.0291914176136	0	6928.37079314202
B_1801.as.numeric(gcounts)	0.146789044440372	0.159812387619057	0.918508550102332	0.358352684752977	6928.37079314202
B_1801.scale(age)	-0.407869759216873	0.0439266016306602	-9.28525640672792	1.61318289495369e-20	6928.37079314202
B_1801.sex	-6.06404900966903	1.00085290369645	-6.05888136735447	1.3707143548572e-09	6928.37079314202
B_1801.Array	0.101415047904262	0.153412024261112	0.66106322755803	0.508571766334204	6928.37079314202
B_1801.scale(PC1)	0.00860778343541798	0.0467315857432341	0.184196262517461	0.853859491397256	6928.37079314202
B_1801.scale(PC2)	0.00648346710306795	0.0451134350526911	0.14371477355904	0.88572570469571	6928.37079314202
B_1801.scale(PC3)	-0.0254541913432114	0.0460532754389953	-0.552711856009665	0.580460733591912	6928.37079314202
B_1801.scale(PC4)	-0.0891693470427671	0.0632382034525331	-1.41005503278881	0.158523433620014	6928.37079314202
B_1801.scale(PC5)	-0.00235780817950391	0.0636405874707105	-0.0370488122943405	0.970446085850689	6928.37079314202
B_1801.scale(PC6)	-0.0116222526569125	0.0456332015206311	-0.25468852216424	0.798963681962494	6928.37079314202
B_1801.scale(PC7)	-0.0023268623679663	0.0463662211763683	-0.0501844297191131	0.959975419203409	6928.37079314202
B_1801.scale(PC8)	-0.0752839702646336	0.0490605417652914	-1.5345115964026	0.124903842600636	6928.37079314202
B_1801.scale(PC9)	0.0594755039197842	0.0508192082591564	1.17033511455913	0.241866136103839	6928.37079314202
B_1801.scale(PC10)	-0.0587509218004328	0.0494367702593315	-1.18840534064507	0.234673753350489	6928.37079314202
B_1801.scale(N_CNV)	-0.146754117138784	0.105882795610694	-1.38600531174455	0.165745281543088	6928.37079314202
B_1801.scale(LEN_CNV)	0.0989312551299472	0.0606056039220234	1.6323780100803	0.102599878631068	6928.37079314202
B_2705.(Intercept)	-6.05736672269324	0.148141267131883	-40.8891245496142	0	6914.27246943291
B_2705.as.numeric(gcounts)	-0.178790378642812	0.177585420983988	-1.00678522849538	0.314037994636446	6914.27246943291
B_2705.scale(age)	-0.412529267478262	0.0439816671203476	-9.37957322876034	6.62402969954953e-21	6914.27246943291
B_2705.sex	-6.06215619063923	1.00085429118951	-6.0569817644828	1.38699305107469e-09	6914.27246943291
B_2705.Array	0.0983352137526524	0.153429642661118	0.6409140505518	0.521578526565718	6914.27246943291
B_2705.scale(PC1)	0.0110626187477335	0.0467558076383066	0.236604163343979	0.812963890024864	6914.27246943291
B_2705.scale(PC2)	0.00221840475883053	0.0451394815267463	0.0491455524919147	0.960803301604435	6914.27246943291
B_2705.scale(PC3)	-0.0226135957592508	0.0460992542615849	-0.490541465832236	0.623750795058669	6914.27246943291
B_2705.scale(PC4)	-0.0888610134136815	0.063269766276996	-1.40447829417682	0.160176470805087	6914.27246943291
B_2705.scale(PC5)	-0.00829019932460224	0.0637787223630734	-0.129983778561894	0.896579260633249	6914.27246943291
B_2705.scale(PC6)	-0.01158783681594	0.045669264394852	-0.253733817907657	0.799701205915173	6914.27246943291
B_2705.scale(PC7)	0.000782345527165405	0.0464051547701276	0.0168590220427198	0.986549083789648	6914.27246943291
B_2705.scale(PC8)	-0.0760335112820686	0.049118207606419	-1.54796998887501	0.121629522239625	6914.27246943291
B_2705.scale(PC9)	0.0619973354454262	0.0510400778301012	1.21467948485108	0.224488359997428	6914.27246943291
B_2705.scale(PC10)	-0.0588342116443979	0.0494983380455181	-1.18860983959289	0.234593234096764	6914.27246943291
B_2705.scale(N_CNV)	-0.146418737031719	0.105975633002655	-1.38162644452476	0.167086429929017	6914.27246943291
B_2705.scale(LEN_CNV)	0.0989064723627656	0.0606817769492584	1.62992050225343	0.103118299890653	6914.27246943291
B_3501.(Intercept)	-6.08738092104639	0.149747203144877	-40.6510491895932	0	6910.03644241415
B_3501.as.numeric(gcounts)	0.0689159323514301	0.149681285537225	0.460417827813827	0.645216340637506	6910.03644241415
B_3501.scale(age)	-0.406758475388291	0.0439616060695862	-9.25258451077603	2.19128827226489e-20	6910.03644241415
B_3501.sex	-6.06179041036459	1.00086215969331	-6.05656868096806	1.39055784482126e-09	6910.03644241415
B_3501.Array	0.123274196419998	0.154916233015033	0.795747443768762	0.426178844794108	6910.03644241415
B_3501.scale(PC1)	0.00980696069881908	0.046779368182216	0.209642863508092	0.833946422712288	6910.03644241415
B_3501.scale(PC2)	0.00866571014683173	0.0451471135219862	0.191943835847039	0.847786199754245	6910.03644241415
B_3501.scale(PC3)	-0.0233456477016437	0.0460889072864176	-0.50653506616165	0.612481079378584	6910.03644241415
B_3501.scale(PC4)	-0.0881639134818921	0.0633507857858057	-1.39167829393595	0.164019838152582	6910.03644241415
B_3501.scale(PC5)	-0.00891763647014539	0.0638385743720339	-0.139690407529714	0.888904605774088	6910.03644241415
B_3501.scale(PC6)	-0.0126264211425047	0.0456803981121914	-0.276407861233918	0.782234819445457	6910.03644241415
B_3501.scale(PC7)	0.00435588532501801	0.0464313532893818	0.0938134475183202	0.925257349223736	6910.03644241415
B_3501.scale(PC8)	-0.0662778295032116	0.0491152797308605	-1.3494340226992	0.177197598885292	6910.03644241415
B_3501.scale(PC9)	0.062194161048624	0.0509284769890713	1.2212059878007	0.222008037689589	6910.03644241415
B_3501.scale(PC10)	-0.0499292713196513	0.0494858422134885	-1.00896072667107	0.312993469501716	6910.03644241415
B_3501.scale(N_CNV)	-0.146701600237843	0.106433290910646	-1.3783431761121	0.168097358624376	6910.03644241415
B_3501.scale(LEN_CNV)	0.0982944183181336	0.0608963602402879	1.61412632758803	0.106500027817838	6910.03644241415
B_3502.(Intercept)	-6.07500798545882	0.147660505927088	-41.1417253876847	0	6951.63810641
B_3502.as.numeric(gcounts)	0.97790062464043	0.581925374905908	1.68045709434573	0.0928684155184612	6951.63810641
B_3502.scale(age)	-0.408690015815735	0.0438440937882605	-9.32143831708445	1.1477370772034e-20	6951.63810641
B_3502.sex	-6.06742409797579	1.00084746390097	-6.06228652898514	1.34199861907819e-09	6951.63810641
B_3502.Array	0.106914801315662	0.153382151745892	0.697048516393144	0.485772431895517	6951.63810641
B_3502.scale(PC1)	0.0120537437307933	0.0466331905985066	0.258479927624323	0.796036538149466	6951.63810641
B_3502.scale(PC2)	0.00569928267316334	0.0450145402897668	0.126609816216627	0.899249227253436	6951.63810641
B_3502.scale(PC3)	-0.0228870686076197	0.0459698155953021	-0.497871664509322	0.618574500257428	6951.63810641
B_3502.scale(PC4)	-0.0889019366408541	0.0631138972420069	-1.40859526230751	0.15895488056448	6951.63810641
B_3502.scale(PC5)	-0.00375947993805342	0.0635534723438103	-0.0591545953258929	0.952828973954347	6951.63810641
B_3502.scale(PC6)	-0.0135394990953405	0.045545759056256	-0.297272443711327	0.766258517949652	6951.63810641
B_3502.scale(PC7)	0.000933451926230878	0.046266992208939	0.0201753319518906	0.983903506130848	6951.63810641
B_3502.scale(PC8)	-0.0728594794940468	0.0489725703645746	-1.48776098439692	0.136813938288619	6951.63810641
B_3502.scale(PC9)	0.061185038983385	0.0507627731516213	1.20531316917289	0.228082427617671	6951.63810641
B_3502.scale(PC10)	-0.0544585026084644	0.0493610112233617	-1.10326958988008	0.269910108584896	6951.63810641
B_3502.scale(N_CNV)	-0.148494628457755	0.10645642926055	-1.39488642902269	0.163050090137948	6951.63810641
B_3502.scale(LEN_CNV)	0.0991255512832519	0.0607073929946993	1.63284151061975	0.102502334110367	6951.63810641
B_3503.(Intercept)	-6.05863536848937	0.147628283429991	-41.0398009630895	0	6924.63739249895
B_3503.as.numeric(gcounts)	-1.3235581542957	0.708350996658628	-1.8685060944914	0.0616915614363703	6924.63739249895
B_3503.scale(age)	-0.406855201596956	0.0439253107420743	-9.26243194922344	1.99827966800842e-20	6924.63739249895
B_3503.sex	-6.06428636918812	1.00085101857139	-6.05912993708519	1.36859805764601e-09	6924.63739249895
B_3503.Array	0.101836491157634	0.153412686835281	0.663807493750342	0.506813528843138	6924.63739249895
B_3503.scale(PC1)	0.0132043068726376	0.0467066787959905	0.282707039186248	0.77740141980011	6924.63739249895
B_3503.scale(PC2)	0.00959716430919451	0.0451078702692781	0.212760306613964	0.83151392558477	6924.63739249895
B_3503.scale(PC3)	-0.0235306599307388	0.0460457847449161	-0.511027449333174	0.6093318361656	6924.63739249895
B_3503.scale(PC4)	-0.0894341811490797	0.0632332006158125	-1.41435480535703	0.157257752797803	6924.63739249895
B_3503.scale(PC5)	-0.00506282689184917	0.0637212090474752	-0.0794527751047085	0.93667249281415	6924.63739249895
B_3503.scale(PC6)	-0.0130690999324348	0.0456274281759983	-0.28643078198542	0.774548201243379	6924.63739249895
B_3503.scale(PC7)	-0.00164249424353121	0.0463676878074867	-0.0354232510007973	0.971742244726731	6924.63739249895
B_3503.scale(PC8)	-0.0738089817820422	0.0490739310016299	-1.50403646652213	0.132571977464836	6924.63739249895
B_3503.scale(PC9)	0.0578711497703009	0.050785345410622	1.13952458730736	0.254484419135068	6924.63739249895
B_3503.scale(PC10)	-0.0588251319663773	0.0494368293816666	-1.18990503036168	0.234083721116871	6924.63739249895
B_3503.scale(N_CNV)	-0.148071691985977	0.106230957071651	-1.39386574373142	0.163358150544246	6924.63739249895
B_3503.scale(LEN_CNV)	0.099845160996565	0.0605995207247172	1.64762294820989	0.0994300683278861	6924.63739249895
B_3701.(Intercept)	-6.07678958116119	0.147836224068606	-41.1048754758586	0	6954.78742333687
B_3701.as.numeric(gcounts)	0.192850654009595	0.25224745343129	0.764529637014257	0.444551682175737	6954.78742333687
B_3701.scale(age)	-0.408576809503538	0.0438449487625281	-9.3186745801999	1.17802640518653e-20	6954.78742333687
B_3701.sex	-6.06790844956961	1.00084627873607	-6.06277764976307	1.3379056854624e-09	6954.78742333687
B_3701.Array	0.105120165364759	0.153379462140079	0.685360112090853	0.493116707919781	6954.78742333687
B_3701.scale(PC1)	0.0118220453364596	0.0466342065856516	0.253505874807722	0.799877321967898	6954.78742333687
B_3701.scale(PC2)	0.00542917194422117	0.0450176547571162	0.120600950305234	0.904007116103632	6954.78742333687
B_3701.scale(PC3)	-0.0231713250217292	0.0459630572206012	-0.504129325221288	0.614170500761275	6954.78742333687
B_3701.scale(PC4)	-0.0895163725764947	0.0631063665485641	-1.4184998673249	0.156044877394751	6954.78742333687
B_3701.scale(PC5)	-0.00431502153187917	0.0635496292743911	-0.0679000268160183	0.945865217407909	6954.78742333687
B_3701.scale(PC6)	-0.0135407415585771	0.0455414610934913	-0.297327780739831	0.766216274164478	6954.78742333687
B_3701.scale(PC7)	0.000663072581119323	0.0462669233722926	0.0143314604211702	0.988565540419584	6954.78742333687
B_3701.scale(PC8)	-0.0729942846417862	0.0489772615313813	-1.49037088557955	0.136126743386697	6954.78742333687
B_3701.scale(PC9)	0.061537061597934	0.0507648594666281	1.21219800949882	0.225436593264572	6954.78742333687
B_3701.scale(PC10)	-0.0538508307416802	0.0493449386163709	-1.09131417024024	0.275134664643766	6954.78742333687
B_3701.scale(N_CNV)	-0.148583931533305	0.106476812692854	-1.39545810750285	0.162877739228984	6954.78742333687
B_3701.scale(LEN_CNV)	0.0992403581431228	0.0607386450636283	1.63389153707925	0.102281627058348	6954.78742333687
B_3801.(Intercept)	-6.06996633262095	0.147689264508904	-41.0995772292915	0	6932.21722690839
B_3801.as.numeric(gcounts)	0.116907860849544	0.355260588060198	0.329076359097098	0.742097972707362	6932.21722690839
B_3801.scale(age)	-0.404420113031074	0.0439270970554553	-9.20662051763898	3.3655401950018e-20	6932.21722690839
B_3801.sex	-6.06409177319239	1.00085170486962	-6.0589313518553	1.37028853587796e-09	6932.21722690839
B_3801.Array	0.100562586264481	0.15341081764884	0.655511702536331	0.512138354329151	6932.21722690839
B_3801.scale(PC1)	0.0136943838972723	0.0467164439743174	0.293138405500232	0.769416362151895	6932.21722690839
B_3801.scale(PC2)	0.00476074530024581	0.0451021444612583	0.105554743729207	0.91593563334425	6932.21722690839
B_3801.scale(PC3)	-0.0269065526728633	0.0460400413392971	-0.584416344776334	0.558940232745093	6932.21722690839
B_3801.scale(PC4)	-0.0919489180083389	0.063209066047952	-1.45467926924571	0.145758074359353	6932.21722690839
B_3801.scale(PC5)	-0.00299421236578873	0.0636849452948401	-0.0470160153538096	0.962500463237376	6932.21722690839
B_3801.scale(PC6)	-0.0164629076114009	0.0456362927154284	-0.360741564045478	0.718292650309071	6932.21722690839
B_3801.scale(PC7)	-0.00220020926422779	0.0463536332617306	-0.047465734817475	0.962142039194384	6932.21722690839
B_3801.scale(PC8)	-0.0750941637492333	0.0490712715215817	-1.53030808904568	0.125940486980467	6932.21722690839
B_3801.scale(PC9)	0.061989476435005	0.0508760492534191	1.21844123796305	0.223056342230074	6932.21722690839
B_3801.scale(PC10)	-0.0533925565711435	0.049432743113589	-1.08010507222825	0.280095393433826	6932.21722690839
B_3801.scale(N_CNV)	-0.145258941614385	0.105366706346601	-1.37860379859041	0.16801694472901	6932.21722690839
B_3801.scale(LEN_CNV)	0.0987866283218526	0.0606501454883173	1.62879458122456	0.103356512217929	6932.21722690839
B_3901.(Intercept)	-6.06744179529151	0.147717195322668	-41.0747156553982	0	6912.10025235201
B_3901.as.numeric(gcounts)	-0.386125296608047	0.501781387185513	-0.769509006250353	0.441591200078478	6912.10025235201
B_3901.scale(age)	-0.414557037183398	0.0439896218502183	-9.4239736498517	4.34332377526912e-21	6912.10025235201
B_3901.sex	-6.06221523979056	1.0008553715551	-6.05703422500622	1.38654096955535e-09	6912.10025235201
B_3901.Array	0.100451735441647	0.153429454415387	0.65470959161263	0.512654748597288	6912.10025235201
B_3901.scale(PC1)	0.0137436002233598	0.0467737716747	0.293831344603619	0.768886782244573	6912.10025235201
B_3901.scale(PC2)	0.00160448622467208	0.0451579025291539	0.0355305746017815	0.97165666675419	6912.10025235201
B_3901.scale(PC3)	-0.0247050350587968	0.0460855128048232	-0.536069440377611	0.591910559590118	6912.10025235201
B_3901.scale(PC4)	-0.0926428200787736	0.0632527446449016	-1.46464506163119	0.143017781014632	6912.10025235201
B_3901.scale(PC5)	0.00282584093114969	0.0636798862083772	0.0443757220592826	0.964604913570625	6912.10025235201
B_3901.scale(PC6)	-0.0119731936408319	0.0456690997932722	-0.262172753459785	0.793188258472516	6912.10025235201
B_3901.scale(PC7)	0.00641857448628972	0.0464273324190996	0.138249909091249	0.890042912012314	6912.10025235201
B_3901.scale(PC8)	-0.0776175127390126	0.0491472192050578	-1.5792859493264	0.114270483199963	6912.10025235201
B_3901.scale(PC9)	0.0676449234656479	0.050974938855877	1.32702314085952	0.184501027897866	6912.10025235201
B_3901.scale(PC10)	-0.0514753788245184	0.049482985650317	-1.04026420693935	0.298217168564743	6912.10025235201
B_3901.scale(N_CNV)	-0.148787460485835	0.105959310044865	-1.40419431216413	0.160260995126893	6912.10025235201
B_3901.scale(LEN_CNV)	0.100659728688199	0.0603511349726507	1.66790117093598	0.0953353472017028	6912.10025235201
B_3906.(Intercept)	-6.06212648468223	0.147646312599184	-41.0584347008998	0	6951.18151498779
B_3906.as.numeric(gcounts)	-1.22752453390208	0.708201084544654	-1.73329942680239	0.0830424626063506	6951.18151498779
B_3906.scale(age)	-0.408549881723335	0.0438430529737037	-9.31846333713064	1.18037378827103e-20	6951.18151498779
B_3906.sex	-6.06846783576391	1.00084474226515	-6.06334587123822	1.33318538717371e-09	6951.18151498779
B_3906.Array	0.105018322867965	0.153381691325718	0.684686170560932	0.493541977656197	6951.18151498779
B_3906.scale(PC1)	0.0118190775282442	0.0466226594408114	0.253505005291447	0.79987799380318	6951.18151498779
B_3906.scale(PC2)	0.00535624645970174	0.0450204473690425	0.118973639151015	0.90529624033151	6951.18151498779
B_3906.scale(PC3)	-0.0228374415090578	0.0459471943447956	-0.497036692549314	0.619163176546865	6951.18151498779
B_3906.scale(PC4)	-0.0894477560993772	0.0630819149099811	-1.41796196623106	0.156201869245149	6951.18151498779
B_3906.scale(PC5)	-0.00250707917329861	0.0635505398764165	-0.0394501632586284	0.968531486515018	6951.18151498779
B_3906.scale(PC6)	-0.0136512311075946	0.0455373475006622	-0.29978098982151	0.764344216735987	6951.18151498779
B_3906.scale(PC7)	0.00109534475077723	0.0462668595832004	0.0236744996449888	0.981112246639097	6951.18151498779
B_3906.scale(PC8)	-0.0726878557200592	0.048966910357214	-1.48442805947528	0.137695395354522	6951.18151498779
B_3906.scale(PC9)	0.0610207224440509	0.0507691233433259	1.20192586410048	0.229392252607585	6951.18151498779
B_3906.scale(PC10)	-0.0537665386297966	0.0493440896579531	-1.08962469472027	0.275878500431306	6951.18151498779
B_3906.scale(N_CNV)	-0.148224258632428	0.106246677478431	-1.39509547169151	0.162987051542722	6951.18151498779
B_3906.scale(LEN_CNV)	0.0998380917186991	0.0607218757062953	1.64418655644968	0.100137672992434	6951.18151498779
B_4001.(Intercept)	-6.05962873438565	0.148282862779622	-40.8653341377114	0	6942.76042837213
B_4001.as.numeric(gcounts)	-0.103771086815458	0.14409819824713	-0.720141459628034	0.471437902944508	6942.76042837213
B_4001.scale(age)	-0.40630949084175	0.0438836677839735	-9.25878604409034	2.06769603069145e-20	6942.76042837213
B_4001.sex	-6.06616735082902	1.00084914178482	-6.06102068490683	1.35260434249803e-09	6942.76042837213
B_4001.Array	0.10408116265426	0.153396146537565	0.678512237781488	0.497446967169198	6942.76042837213
B_4001.scale(PC1)	0.00826976162661343	0.0466735956413014	0.17718286995004	0.859364750578905	6942.76042837213
B_4001.scale(PC2)	0.00757317104002784	0.045068131749556	0.168038273299457	0.866553169422064	6942.76042837213
B_4001.scale(PC3)	-0.0222484440665113	0.0460214658880608	-0.483436232140601	0.628786027173383	6942.76042837213
B_4001.scale(PC4)	-0.0908554887016384	0.0631828859445797	-1.43797623902984	0.150440796085979	6942.76042837213
B_4001.scale(PC5)	-0.00191980448755263	0.0636154752356907	-0.0301782621357445	0.975924884937064	6942.76042837213
B_4001.scale(PC6)	-0.0118467318945756	0.0455832722565769	-0.259892089973121	0.794947012969492	6942.76042837213
B_4001.scale(PC7)	0.00431306505403339	0.0463424928983786	0.0930693362459208	0.925848477805959	6942.76042837213
B_4001.scale(PC8)	-0.0768131627962254	0.0490470592254683	-1.56611148576955	0.117322519634803	6942.76042837213
B_4001.scale(PC9)	0.064967200398787	0.0509411903947839	1.27533730357112	0.202189879568376	6942.76042837213
B_4001.scale(PC10)	-0.0552402766879645	0.0493844429570333	-1.11857648644587	0.263320859346976	6942.76042837213
B_4001.scale(N_CNV)	-0.14707204518525	0.106380078244189	-1.38251491832573	0.166813653053992	6942.76042837213
B_4001.scale(LEN_CNV)	0.0986647388615383	0.0609442978340988	1.618933064585	0.10546166574043	6942.76042837213
B_4002.(Intercept)	-6.06760159968634	0.147722725306655	-41.0742598140584	0	6929.51118197103
B_4002.as.numeric(gcounts)	-0.264951440695167	0.409852299461418	-0.646455908734285	0.517984142743616	6929.51118197103
B_4002.scale(age)	-0.409519002643754	0.0439350203886444	-9.32101542280379	1.15232140235176e-20	6929.51118197103
B_4002.sex	-6.06396954992087	1.00085122626016	-6.05881212993048	1.37130440295496e-09	6929.51118197103
B_4002.Array	0.101309725877618	0.153413528313486	0.660370222830681	0.509016276160603	6929.51118197103
B_4002.scale(PC1)	0.009464092672913	0.0467245321349665	0.202550828022749	0.839486126755463	6929.51118197103
B_4002.scale(PC2)	0.00234006968390568	0.0451059810387417	0.0518793656631874	0.958624815946394	6929.51118197103
B_4002.scale(PC3)	-0.0305382669667547	0.0460452504531954	-0.663222952773307	0.507187773332319	6929.51118197103
B_4002.scale(PC4)	-0.0958392649353319	0.0632358831650892	-1.51558356013034	0.129624686629943	6929.51118197103
B_4002.scale(PC5)	-0.00564342880064594	0.0637428844121532	-0.0885342552771266	0.929452059450059	6929.51118197103
B_4002.scale(PC6)	-0.0159162859597354	0.0456292114838121	-0.348817905069037	0.727226020410897	6929.51118197103
B_4002.scale(PC7)	0.00149363257796601	0.0463458146792548	0.0322279927174219	0.974290232809282	6929.51118197103
B_4002.scale(PC8)	-0.0687180097861641	0.0490561112961425	-1.4008042621097	0.161272613776909	6929.51118197103
B_4002.scale(PC9)	0.0615478741105082	0.0509011406369056	1.20916492912309	0.226599488449319	6929.51118197103
B_4002.scale(PC10)	-0.0532182826133178	0.0494485785293727	-1.07623483214398	0.281822245382866	6929.51118197103
B_4002.scale(N_CNV)	-0.149957829595972	0.10684647377201	-1.40348880315839	0.160471128543097	6929.51118197103
B_4002.scale(LEN_CNV)	0.100007830337473	0.0605849795608687	1.65070337668426	0.0987991580005467	6929.51118197103
B_4101.(Intercept)	-6.0708495726908	0.147627453894152	-41.1227682423052	0	6955.73392136476
B_4101.as.numeric(gcounts)	-0.736871460909098	1.00116771691981	-0.736012007235064	0.461723390549071	6955.73392136476
B_4101.scale(age)	-0.408502035313209	0.0438453949626723	-9.31687434133018	1.19817996637635e-20	6955.73392136476
B_4101.sex	-6.06804331826207	1.00084519643759	-6.06291896075504	1.33673027486967e-09	6955.73392136476
B_4101.Array	0.105828683916191	0.153380393489921	0.689975305892958	0.490209716698911	6955.73392136476
B_4101.scale(PC1)	0.0118788446924696	0.0466270580283978	0.254762903660679	0.798906228615613	6955.73392136476
B_4101.scale(PC2)	0.00517031343728774	0.0450213340685658	0.114841408951	0.908570826571747	6955.73392136476
B_4101.scale(PC3)	-0.0232620798038623	0.045961666279594	-0.506119157263674	0.612773002741191	6955.73392136476
B_4101.scale(PC4)	-0.0897779041683973	0.0630965951695491	-1.42286448146928	0.154775444421404	6955.73392136476
B_4101.scale(PC5)	-0.00383402178586759	0.0635400023926105	-0.0603402839392004	0.951884618435888	6955.73392136476
B_4101.scale(PC6)	-0.0134456667139086	0.0455402433687496	-0.295248020636079	0.767804420922161	6955.73392136476
B_4101.scale(PC7)	0.00116870357282534	0.0462606307686426	0.0252634595206933	0.979844819700504	6955.73392136476
B_4101.scale(PC8)	-0.0728078014997614	0.0489708988755171	-1.48675648541468	0.137079138113262	6955.73392136476
B_4101.scale(PC9)	0.0617502918479306	0.0507593863443441	1.21652951887609	0.223783273227743	6955.73392136476
B_4101.scale(PC10)	-0.0544301060352112	0.0493554804120301	-1.10281787515423	0.270106263897046	6955.73392136476
B_4101.scale(N_CNV)	-0.147936357740405	0.106453643398562	-1.38967867155596	0.164626474257416	6955.73392136476
B_4101.scale(LEN_CNV)	0.0987355922645581	0.0607313639773451	1.62577597139741	0.103997321749462	6955.73392136476
B_4102.(Intercept)	-6.07389496477694	0.147669127589197	-41.1317860675252	0	6956.51167299018
B_4102.as.numeric(gcounts)	0.128234148811576	0.503041479210136	0.254917644192934	0.798786708272446	6956.51167299018
B_4102.scale(age)	-0.4085483258343	0.0438430938339971	-9.31841916497006	1.1808652242031e-20	6956.51167299018
B_4102.sex	-6.06771382341426	1.00084530813466	-6.06258906755837	1.3394758627196e-09	6956.51167299018
B_4102.Array	0.105684727882886	0.153379582139016	0.689040395136153	0.490797847378706	6956.51167299018
B_4102.scale(PC1)	0.0116741349322225	0.0466229985316044	0.250394339701443	0.802282406494177	6956.51167299018
B_4102.scale(PC2)	0.00523717981180436	0.045020478998071	0.116328833640992	0.907391934795097	6956.51167299018
B_4102.scale(PC3)	-0.0230664444164265	0.0459618902730615	-0.501860221139466	0.615765848438847	6956.51167299018
B_4102.scale(PC4)	-0.0894348528840448	0.0631034969574774	-1.41727253157319	0.156403262856885	6956.51167299018
B_4102.scale(PC5)	-0.00361902691331362	0.0635540884720086	-0.0569440456204098	0.954589767882265	6956.51167299018
B_4102.scale(PC6)	-0.0134901132712461	0.0455406096092722	-0.296221622569133	0.767060837028173	6956.51167299018
B_4102.scale(PC7)	0.0010246511310848	0.0462684072925913	0.0221458051193577	0.98233164822183	6956.51167299018
B_4102.scale(PC8)	-0.0728175517583173	0.048969207020013	-1.48700696191706	0.137012972219269	6956.51167299018
B_4102.scale(PC9)	0.061435444560268	0.0507603699972467	1.21030332449508	0.226162522477224	6956.51167299018
B_4102.scale(PC10)	-0.0543189219078964	0.0493462730217108	-1.10077050568738	0.270996551470644	6956.51167299018
B_4102.scale(N_CNV)	-0.148421301125562	0.106589821340631	-1.39245285580552	0.163785308289346	6956.51167299018
B_4102.scale(LEN_CNV)	0.0989016218237113	0.0607449865979037	1.62814459863795	0.103494228776075	6956.51167299018
B_4402.(Intercept)	-6.09293088296623	0.149450048563282	-40.7690123993922	0	6939.14695555817
B_4402.as.numeric(gcounts)	0.113089727762398	0.0957245467690908	1.18140781627513	0.237440754446301	6939.14695555817
B_4402.scale(age)	-0.40585790874684	0.0438902620493137	-9.24710607311552	2.30652831148749e-20	6939.14695555817
B_4402.sex	-6.06611868969365	1.00085205402505	-6.06095442907673	1.35316170334502e-09	6939.14695555817
B_4402.Array	0.104010797548329	0.15339709963509	0.678049309900613	0.497740428980374	6939.14695555817
B_4402.scale(PC1)	0.0118454556198712	0.0466653063578563	0.253838591115924	0.799620258235094	6939.14695555817
B_4402.scale(PC2)	0.00583009354882531	0.0450644210667158	0.129372427534221	0.897062963948825	6939.14695555817
B_4402.scale(PC3)	-0.0248481451225704	0.0459843945306898	-0.540360384781989	0.588948522298014	6939.14695555817
B_4402.scale(PC4)	-0.0912616678763991	0.0631505907485578	-1.44514353380745	0.148417573079037	6939.14695555817
B_4402.scale(PC5)	-0.00186728506399985	0.063579805813469	-0.0293691533044016	0.976570174284603	6939.14695555817
B_4402.scale(PC6)	-0.0135331164136326	0.0455770754203045	-0.296928144002931	0.766521368829328	6939.14695555817
B_4402.scale(PC7)	0.000636293954288912	0.0463122494840598	0.0137392150322544	0.989038037323661	6939.14695555817
B_4402.scale(PC8)	-0.0718786944656533	0.0490303225750793	-1.46600492696304	0.142646944605577	6939.14695555817
B_4402.scale(PC9)	0.0607441140537452	0.0507530425596768	1.19685660189378	0.231362451971659	6939.14695555817
B_4402.scale(PC10)	-0.0545894971477797	0.0493978896332727	-1.105097759298	0.269117231419217	6939.14695555817
B_4402.scale(N_CNV)	-0.149838155762745	0.106654824128388	-1.40488868635116	0.160054381348643	6939.14695555817
B_4402.scale(LEN_CNV)	0.100016862245049	0.0604967821675628	1.65325920919272	0.0982781208703253	6939.14695555817
B_4403.(Intercept)	-6.08734134654913	0.148596938599671	-40.965455977184	0	6952.42395280372
B_4403.as.numeric(gcounts)	0.139341297062806	0.125930391445003	1.10649459168607	0.268512503614792	6952.42395280372
B_4403.scale(age)	-0.408782976519296	0.0438434329074639	-9.32369911320756	1.12353345990829e-20	6952.42395280372
B_4403.sex	-6.06762553104418	1.0008475589638	-6.06248721566163	1.34032465110686e-09	6952.42395280372
B_4403.Array	0.105419170294501	0.153380824107235	0.687303454705644	0.49189152225769	6952.42395280372
B_4403.scale(PC1)	0.0116673628585091	0.0466327320680056	0.250196854035794	0.802435118022457	6952.42395280372
B_4403.scale(PC2)	0.00509124154543913	0.0450131108540452	0.113105747388743	0.909946718477857	6952.42395280372
B_4403.scale(PC3)	-0.0229885644351914	0.0459607805055992	-0.500177851252783	0.616949852501717	6952.42395280372
B_4403.scale(PC4)	-0.0899762090141788	0.0631420774212954	-1.4249801826101	0.154162929697981	6952.42395280372
B_4403.scale(PC5)	-0.00374559575963581	0.0635795413944895	-0.0589119656651132	0.953022227383493	6952.42395280372
B_4403.scale(PC6)	-0.0136437705748603	0.0455488161896769	-0.299541716255459	0.764526747313519	6952.42395280372
B_4403.scale(PC7)	0.000554320501450694	0.0462846027662412	0.0119763478202518	0.990444485409168	6952.42395280372
B_4403.scale(PC8)	-0.072930108819912	0.04898961786625	-1.48868499074689	0.136570339197672	6952.42395280372
B_4403.scale(PC9)	0.0605924139157289	0.050763195740445	1.19362882954693	0.232623191507604	6952.42395280372
B_4403.scale(PC10)	-0.054278704124453	0.0493531404038456	-1.0998024377031	0.271418209999093	6952.42395280372
B_4403.scale(N_CNV)	-0.148768820170178	0.106563494525365	-1.39605801060482	0.162697026881381	6952.42395280372
B_4403.scale(LEN_CNV)	0.0994619136078054	0.060713954539458	1.63820515995487	0.101378903605872	6952.42395280372
B_4405.(Intercept)	-6.07799887256579	0.147687729365399	-41.1543931150028	0	6938.22378950597
B_4405.as.numeric(gcounts)	1.32599467582839	0.505321949831111	2.62405912957386	0.00868886992695128	6938.22378950597
B_4405.scale(age)	-0.410740213457015	0.0438874144209663	-9.3589521933831	8.05313307273354e-21	6938.22378950597
B_4405.sex	-6.06652432296306	1.00084770806973	-6.06138603710568	1.34953492400091e-09	6938.22378950597
B_4405.Array	0.10344657112741	0.153398985866327	0.674362809787768	0.500080680829459	6938.22378950597
B_4405.scale(PC1)	0.009452316475115	0.0466654791754142	0.202554793010568	0.839483027389353	6938.22378950597
B_4405.scale(PC2)	0.00802057840250116	0.0450657149820765	0.177975172604964	0.858742473830758	6938.22378950597
B_4405.scale(PC3)	-0.0211147772375767	0.0460140996823604	-0.45887624409331	0.646323039015171	6938.22378950597
B_4405.scale(PC4)	-0.0934269746400274	0.0631297122863679	-1.47992080521808	0.138894382664868	6938.22378950597
B_4405.scale(PC5)	-0.00151158803788944	0.0636288495347258	-0.0237563314273737	0.981046972681668	6938.22378950597
B_4405.scale(PC6)	-0.0154204067068487	0.045571798536277	-0.338376083502025	0.735079794879874	6938.22378950597
B_4405.scale(PC7)	-0.000348867146930132	0.0462807784837205	-0.00753805701545941	0.993985557648045	6938.22378950597
B_4405.scale(PC8)	-0.0716570149244211	0.0490012125610085	-1.46235187211348	0.14364481073867	6938.22378950597
B_4405.scale(PC9)	0.0589455541732361	0.0507164809212103	1.16225639284417	0.245131334060737	6938.22378950597
B_4405.scale(PC10)	-0.0505034778534809	0.0493806116283346	-1.02273901007135	0.306431261653781	6938.22378950597
B_4405.scale(N_CNV)	-0.146005746740067	0.105850484875863	-1.379358317643	0.167784304118351	6938.22378950597
B_4405.scale(LEN_CNV)	0.0981202815939937	0.0606956358462059	1.61659533220175	0.105965660155252	6938.22378950597
B_4501.(Intercept)	-6.06754148290379	0.147672539303451	-41.0878116643994	0	6955.27083203519
B_4501.as.numeric(gcounts)	-0.481937025117097	0.501256467848235	-0.961457968185288	0.336321949583821	6955.27083203519
B_4501.scale(age)	-0.408370039447387	0.0438421040231819	-9.31456298793183	1.22455599847231e-20	6955.27083203519
B_4501.sex	-6.06771392492691	1.00084531970656	-6.06258909888885	1.33947560170589e-09	6955.27083203519
B_4501.Array	0.105460429624402	0.153379532625498	0.687578243453782	0.491718412851719	6955.27083203519
B_4501.scale(PC1)	0.0116900217882924	0.0466258501435365	0.25071975636487	0.802030785081158	6955.27083203519
B_4501.scale(PC2)	0.0052597121970378	0.0450130829308547	0.116848521686847	0.906980092335702	6955.27083203519
B_4501.scale(PC3)	-0.0229361612553127	0.0459574864182267	-0.49907344902606	0.617727641448202	6955.27083203519
B_4501.scale(PC4)	-0.0893548516866007	0.0631033406535556	-1.41600826138776	0.156773085672454	6955.27083203519
B_4501.scale(PC5)	-0.00362317267701313	0.0635425581025617	-0.0570196225207853	0.95452956405848	6955.27083203519
B_4501.scale(PC6)	-0.0134501095404109	0.0455372758641748	-0.295364825522916	0.767715200441776	6955.27083203519
B_4501.scale(PC7)	0.00107362976559451	0.0462711921090966	0.0232029847656215	0.981488357750906	6955.27083203519
B_4501.scale(PC8)	-0.0727409420639451	0.0489726131125307	-1.48533920166357	0.137453992301605	6955.27083203519
B_4501.scale(PC9)	0.0609484481707355	0.0507728484258085	1.2004141989354	0.229978517104552	6955.27083203519
B_4501.scale(PC10)	-0.0542798576732534	0.0493477762922642	-1.09994536231539	0.271355928485232	6955.27083203519
B_4501.scale(N_CNV)	-0.147517729507986	0.1064497379295	-1.38579701911229	0.165808892873503	6955.27083203519
B_4501.scale(LEN_CNV)	0.0985730430225218	0.0607293095574827	1.62315435068825	0.104556413494813	6955.27083203519
B_4701.(Intercept)	-6.07528306055429	0.147693122794633	-41.1345020377282	0	6956.22422040968
B_4701.as.numeric(gcounts)	0.287627382868714	0.503345750651346	0.571431034227496	0.567707497169864	6956.22422040968
B_4701.scale(age)	-0.408592734234345	0.0438474249548439	-9.31851151248067	1.17983804554754e-20	6956.22422040968
B_4701.sex	-6.06800107249083	1.00084523230354	-6.06287653339241	1.33708307561634e-09	6956.22422040968
B_4701.Array	0.106131691266344	0.153382431028932	0.69194164256221	0.488973977899356	6956.22422040968
B_4701.scale(PC1)	0.0116641496860874	0.0466245000316466	0.250172112905667	0.802454250352098	6956.22422040968
B_4701.scale(PC2)	0.00527478548888407	0.0450201948667816	0.117164874663306	0.906729401120409	6956.22422040968
B_4701.scale(PC3)	-0.0230453685413349	0.0459571270442293	-0.501453637847203	0.616051898722908	6956.22422040968
B_4701.scale(PC4)	-0.0893840592096127	0.0631068192715518	-1.41639303392853	0.156660462344144	6956.22422040968
B_4701.scale(PC5)	-0.00357310532015895	0.0635541296367855	-0.0562214499762548	0.955165393576275	6956.22422040968
B_4701.scale(PC6)	-0.0134446153545533	0.0455383239608773	-0.295237377776656	0.767812550538341	6956.22422040968
B_4701.scale(PC7)	0.000976704916061675	0.046267512762175	0.0211099507570711	0.983157947108311	6956.22422040968
B_4701.scale(PC8)	-0.072764844516564	0.0489664358227617	-1.48601472200147	0.137275226975612	6956.22422040968
B_4701.scale(PC9)	0.0618614708958996	0.0507616787136265	1.21866479721628	0.222971444325316	6956.22422040968
B_4701.scale(PC10)	-0.0544174655829896	0.0493444308514923	-1.10280865832185	0.270110267287098	6956.22422040968
B_4701.scale(N_CNV)	-0.147851846992515	0.106291409106186	-1.39100467512676	0.164224009072887	6956.22422040968
B_4701.scale(LEN_CNV)	0.0985045165446884	0.0605032700257723	1.62808582912508	0.103506687888843	6956.22422040968
B_4901.(Intercept)	-6.10225629166071	0.149356136158789	-40.857084607311	0	6929.96454827668
B_4901.as.numeric(gcounts)	0.269406486191771	0.261340095323682	1.03086549294359	0.302603900454238	6929.96454827668
B_4901.scale(age)	-0.413491827222345	0.0439405634092103	-9.41025319524404	4.94943190865233e-21	6929.96454827668
B_4901.sex	-6.06325768886213	1.00084903385587	-6.0581141448504	1.37726654526115e-09	6929.96454827668
B_4901.Array	0.1242770601487	0.154900476200431	0.802302634550284	0.422377918818162	6929.96454827668
B_4901.scale(PC1)	0.0140569603178217	0.0467044177634314	0.300977102188136	0.763431955228527	6929.96454827668
B_4901.scale(PC2)	0.00148896919824312	0.0450967158226741	0.0330172424106875	0.973660837682074	6929.96454827668
B_4901.scale(PC3)	-0.021796972265344	0.0460560756960628	-0.473270289227169	0.636020356151527	6929.96454827668
B_4901.scale(PC4)	-0.0894591037415617	0.0631967163776171	-1.41556569501206	0.156902701217946	6929.96454827668
B_4901.scale(PC5)	0.000372176353649225	0.0636027101634245	0.00585158010866099	0.995331141219404	6929.96454827668
B_4901.scale(PC6)	-0.0115095041338939	0.0456243196701064	-0.252266865941566	0.800834797212789	6929.96454827668
B_4901.scale(PC7)	0.00177050604731799	0.046349242144695	0.0381992448072991	0.969528823014452	6929.96454827668
B_4901.scale(PC8)	-0.0742592667547337	0.0490690674231658	-1.51336209662048	0.130187707353007	6929.96454827668
B_4901.scale(PC9)	0.060096247486354	0.050751953624609	1.18411692938681	0.236366779497879	6929.96454827668
B_4901.scale(PC10)	-0.0534054932643774	0.049457973755549	-1.07981563353848	0.280224288026708	6929.96454827668
B_4901.scale(N_CNV)	-0.149355439545136	0.106824885343965	-1.39813339433248	0.162073013406921	6929.96454827668
B_4901.scale(LEN_CNV)	0.0994437531657258	0.0606850559999753	1.63868602454229	0.101278666103715	6929.96454827668
B_5001.(Intercept)	-6.08907305985489	0.147827315918828	-41.1904459064818	0	6949.49781618798
B_5001.as.numeric(gcounts)	0.710563032788703	0.24524622729723	2.89734541737731	0.00376335149887409	6949.49781618798
B_5001.scale(age)	-0.408674465268419	0.0438559629501511	-9.31856098412294	1.17928813741502e-20	6949.49781618798
B_5001.sex	-6.06857067638917	1.00084437365428	-6.06345085823043	1.33231502353945e-09	6949.49781618798
B_5001.Array	0.105048240886751	0.153383223427874	0.684874385471157	0.493423190762144	6949.49781618798
B_5001.scale(PC1)	0.0111340103392743	0.0466117679880076	0.23886693896998	0.81120876242149	6949.49781618798
B_5001.scale(PC2)	0.0043903346894794	0.0450260891561664	0.0975064628476208	0.922324202078617	6949.49781618798
B_5001.scale(PC3)	-0.0235383943135438	0.0459457055037572	-0.512308910168307	0.608434830285475	6949.49781618798
B_5001.scale(PC4)	-0.0898665875607921	0.0630663806170246	-1.42495235467077	0.15417097416672	6949.49781618798
B_5001.scale(PC5)	-0.00361127160959886	0.0635261607588253	-0.0568469991962669	0.95466707449978	6949.49781618798
B_5001.scale(PC6)	-0.013682635074933	0.0455440633527066	-0.300426313940649	0.763851994540444	6949.49781618798
B_5001.scale(PC7)	0.000974150644203739	0.0462834107505879	0.0210475120222501	0.983207754944451	6949.49781618798
B_5001.scale(PC8)	-0.0725801157488314	0.0489626113265167	-1.48235794175308	0.138245078613649	6949.49781618798
B_5001.scale(PC9)	0.0605231352779021	0.0507552535098266	1.19245065471271	0.233084588361926	6949.49781618798
B_5001.scale(PC10)	-0.053429219200619	0.0493154786318944	-1.08341682333514	0.27862345170095	6949.49781618798
B_5001.scale(N_CNV)	-0.148895818318573	0.106317526176225	-1.4004823444798	0.161368926798147	6949.49781618798
B_5001.scale(LEN_CNV)	0.100125214692592	0.060722611185096	1.6488950777724	0.0991691317262543	6949.49781618798
B_5101.(Intercept)	-6.10501657775063	0.151267047364102	-40.3591970897387	0	6899.04127635217
B_5101.as.numeric(gcounts)	-0.117494113249911	0.179916068435931	-0.653049581792922	0.513724314473001	6899.04127635217
B_5101.scale(age)	-0.415371237540769	0.0440273468268493	-9.43439174689177	3.93269304690926e-21	6899.04127635217
B_5101.sex	-6.05911668785083	1.00085831042971	-6.05392054470667	1.41362356037654e-09	6899.04127635217
B_5101.Array	0.144172310339173	0.156465222703087	0.921433580245233	0.356824103532829	6899.04127635217
B_5101.scale(PC1)	0.0128891624444942	0.0468000413447122	0.275409210636316	0.783001868544858	6899.04127635217
B_5101.scale(PC2)	0.00661050487938941	0.0451976356571813	0.146257758470583	0.883717911054961	6899.04127635217
B_5101.scale(PC3)	-0.0238569136797332	0.0461437313792275	-0.517013101599167	0.605147013021027	6899.04127635217
B_5101.scale(PC4)	-0.0873314603990004	0.0633564925609481	-1.37841374844084	0.168075580996944	6899.04127635217
B_5101.scale(PC5)	-0.0157425964036641	0.0639536613802928	-0.246156296041483	0.805561245474076	6899.04127635217
B_5101.scale(PC6)	-0.0104198849376036	0.0457058057978263	-0.227977272377487	0.81966390932019	6899.04127635217
B_5101.scale(PC7)	-0.00533548978696492	0.0464547487585875	-0.114853484940624	0.908561254661131	6899.04127635217
B_5101.scale(PC8)	-0.0763349981033592	0.04915393964465	-1.55297822830092	0.12042833603153	6899.04127635217
B_5101.scale(PC9)	0.0584502605240998	0.0509978934037352	1.14613088155164	0.25174100149632	6899.04127635217
B_5101.scale(PC10)	-0.055877841637841	0.0495479085080896	-1.1277537906311	0.259423913615371	6899.04127635217
B_5101.scale(N_CNV)	-0.151964661882623	0.107917970122902	-1.40814974289785	0.159086734256842	6899.04127635217
B_5101.scale(LEN_CNV)	0.0998968588887916	0.0606265971413108	1.64773983035776	0.0994060708721918	6899.04127635217
B_5201.(Intercept)	-6.06583009127949	0.147619980876173	-41.090847290975	0	6942.92314639277
B_5201.as.numeric(gcounts)	-0.922131726031584	0.708904615427439	-1.30078392207332	0.193332426813596	6942.92314639277
B_5201.scale(age)	-0.40589999938244	0.0438814713642382	-9.2499177161419	2.24665557573449e-20	6942.92314639277
B_5201.sex	-6.06585956161753	1.00084770291085	-6.06072187004647	1.3551198213975e-09	6942.92314639277
B_5201.Array	0.104255849288038	0.153394941241964	0.679656372263189	0.496722066534215	6942.92314639277
B_5201.scale(PC1)	0.0098428011890889	0.046676793744189	0.210871407385694	0.832987616038143	6942.92314639277
B_5201.scale(PC2)	0.00543594335425943	0.045087785810622	0.120563546346931	0.904036743963896	6942.92314639277
B_5201.scale(PC3)	-0.0215621234110876	0.0460130109229984	-0.468609268955931	0.639348950747441	6942.92314639277
B_5201.scale(PC4)	-0.090303805854068	0.0631706449605431	-1.42952166960576	0.152854351207805	6942.92314639277
B_5201.scale(PC5)	-0.00626087935446625	0.0636401955030034	-0.0983793230831728	0.921631092813098	6942.92314639277
B_5201.scale(PC6)	-0.0129221174789649	0.0455807054600823	-0.283499725345005	0.77679379217262	6942.92314639277
B_5201.scale(PC7)	-0.000758854848562496	0.0463156497153245	-0.0163844154886467	0.986927712720342	6942.92314639277
B_5201.scale(PC8)	-0.0706743436387163	0.0490136306683717	-1.44193243134552	0.149321436045081	6942.92314639277
B_5201.scale(PC9)	0.0634390681950068	0.0509546629915745	1.24501006326932	0.213128051163229	6942.92314639277
B_5201.scale(PC10)	-0.0563123590384769	0.0494041321866116	-1.13983095231329	0.254356735811995	6942.92314639277
B_5201.scale(N_CNV)	-0.146317957549844	0.107101678298748	-1.366159334513	0.171888958156661	6942.92314639277
B_5201.scale(LEN_CNV)	0.0967567557564772	0.061532882629094	1.57243983415672	0.115848582234916	6942.92314639277
B_5301.(Intercept)	-6.07164331910477	0.147640289727613	-41.1245692507551	0	6955.96321542743
B_5301.as.numeric(gcounts)	-0.168430350777541	0.709574584382709	-0.237368071636988	0.812371257119268	6955.96321542743
B_5301.scale(age)	-0.408487994753295	0.0438433313062264	-9.31699263224744	1.19684530518486e-20	6955.96321542743
B_5301.sex	-6.0679180230603	1.00084563146029	-6.0627911361384	1.33779346367839e-09	6955.96321542743
B_5301.Array	0.105659852757715	0.153379624283935	0.688878025689504	0.490900028866427	6955.96321542743
B_5301.scale(PC1)	0.0116718436539332	0.0466252738158479	0.25033297820475	0.802329855245786	6955.96321542743
B_5301.scale(PC2)	0.00523580141693909	0.0450220631433275	0.116294124511152	0.907419441979658	6955.96321542743
B_5301.scale(PC3)	-0.023097752051907	0.0459589930318321	-0.502573066296493	0.61526446955088	6955.96321542743
B_5301.scale(PC4)	-0.0895722778727629	0.0631040661232536	-1.41943750023671	0.155771506040702	6955.96321542743
B_5301.scale(PC5)	-0.00368692885836575	0.063552107315421	-0.0580142659954112	0.953737265045012	6955.96321542743
B_5301.scale(PC6)	-0.0135324808435191	0.045540972970288	-0.2971495767635	0.766352315946422	6955.96321542743
B_5301.scale(PC7)	0.00107145012823783	0.0462704851965133	0.0231562328271969	0.981525650380856	6955.96321542743
B_5301.scale(PC8)	-0.0728191216617199	0.0489733375455906	-1.48691360056747	0.137037631680571	6955.96321542743
B_5301.scale(PC9)	0.061363490860447	0.0507545362231635	1.2090247577209	0.226653333982594	6955.96321542743
B_5301.scale(PC10)	-0.0541688557415305	0.0493461350326237	-1.09773249122182	0.272321317635826	6955.96321542743
B_5301.scale(N_CNV)	-0.148335344514978	0.106548393589784	-1.39218752641241	0.163865618995562	6955.96321542743
B_5301.scale(LEN_CNV)	0.098883582119871	0.0607376975258065	1.62804298068522	0.103515772492089	6955.96321542743
B_5501.(Intercept)	-6.06351680818929	0.147804108659886	-41.0240071346199	0	6954.65687039812
B_5501.as.numeric(gcounts)	-0.273478889303427	0.269161226010572	-1.01604117857854	0.309609777759804	6954.65687039812
B_5501.scale(age)	-0.408553556217256	0.0438464534012756	-9.31782446525927	1.18750126820273e-20	6954.65687039812
B_5501.sex	-6.06788447214869	1.00084563687753	-6.06275758075886	1.33807269909681e-09	6954.65687039812
B_5501.Array	0.105674889565006	0.153379687713108	0.688975777305447	0.490838510963346	6954.65687039812
B_5501.scale(PC1)	0.0116154976366051	0.046618085784911	0.249162904075412	0.803234772910197	6954.65687039812
B_5501.scale(PC2)	0.00535801491184842	0.0450191332327744	0.119016394299385	0.905262367327404	6954.65687039812
B_5501.scale(PC3)	-0.0231205116841244	0.0459634540139203	-0.503019457091328	0.614950592487695	6954.65687039812
B_5501.scale(PC4)	-0.0897069483556279	0.0630978773772698	-1.42171103188241	0.155110156215306	6954.65687039812
B_5501.scale(PC5)	-0.00295307065935813	0.0635459008303058	-0.0464714579661726	0.962934482743682	6954.65687039812
B_5501.scale(PC6)	-0.0133682769114552	0.0455388164908795	-0.293557846724729	0.769095790604987	6954.65687039812
B_5501.scale(PC7)	0.00108208943454326	0.0462615649825862	0.0233906793890475	0.981338639743616	6954.65687039812
B_5501.scale(PC8)	-0.0726381313948947	0.0489697854089272	-1.48332549935276	0.137987950651622	6954.65687039812
B_5501.scale(PC9)	0.061242560121215	0.0507565556229777	1.20659409153229	0.227588503306188	6954.65687039812
B_5501.scale(PC10)	-0.0540737492372936	0.0493459723667038	-1.09580876906136	0.273162470143686	6954.65687039812
B_5501.scale(N_CNV)	-0.148801258009778	0.106775596294132	-1.39358863985997	0.16344186095327	6954.65687039812
B_5501.scale(LEN_CNV)	0.0990299480565018	0.0607010403716663	1.63143740947686	0.102798056693762	6954.65687039812
B_5601.(Intercept)	-6.07113774696666	0.147668705738075	-41.1132319242727	0	6940.47599185126
B_5601.as.numeric(gcounts)	0.639273952219362	0.448785523128962	1.42445315027611	0.154315337794856	6940.47599185126
B_5601.scale(age)	-0.406001458011603	0.0438839488678766	-9.25170748042684	2.20934641628346e-20	6940.47599185126
B_5601.sex	-6.06595086329379	1.00085081003233	-6.06079427871758	1.35450985349737e-09	6940.47599185126
B_5601.Array	0.10240206126628	0.153397209624269	0.667561434247098	0.504413582200215	6940.47599185126
B_5601.scale(PC1)	0.0101543463104525	0.0466782678516621	0.217539055706217	0.827788273609983	6940.47599185126
B_5601.scale(PC2)	0.00523869363379079	0.0450565475158171	0.116269308738131	0.907439108690245	6940.47599185126
B_5601.scale(PC3)	-0.0226933722399464	0.0460013292626772	-0.493319923656173	0.621786552836233	6940.47599185126
B_5601.scale(PC4)	-0.0887738118208342	0.0631789755230109	-1.40511635533725	0.159986681403725	6940.47599185126
B_5601.scale(PC5)	-0.00265485946600002	0.0635922495862027	-0.0417481608729884	0.966699460579684	6940.47599185126
B_5601.scale(PC6)	-0.0100663275946116	0.0455837615242416	-0.220831437731577	0.825223684040622	6940.47599185126
B_5601.scale(PC7)	0.0011775429465159	0.0463158913994778	0.0254241667586512	0.979716635050346	6940.47599185126
B_5601.scale(PC8)	-0.0733065556244002	0.0490272684719407	-1.49522006648922	0.13485701819776	6940.47599185126
B_5601.scale(PC9)	0.0609874042837468	0.0507793471241343	1.20102773544248	0.229740442758709	6940.47599185126
B_5601.scale(PC10)	-0.0534652491653962	0.0493835546293981	-1.08265291080461	0.278962512582787	6940.47599185126
B_5601.scale(N_CNV)	-0.148824975970211	0.106742560936693	-1.39424213419872	0.163244498385825	6940.47599185126
B_5601.scale(LEN_CNV)	0.0990745573540753	0.0608876614261356	1.62716969306278	0.103701062548888	6940.47599185126
B_5701.(Intercept)	-6.060925486497	0.148070565969579	-40.9326826490432	0	6954.70152404793
B_5701.as.numeric(gcounts)	-0.1554693729016	0.174790561789578	-0.889460914307044	0.373755420164391	6954.70152404793
B_5701.scale(age)	-0.408665995007423	0.0438432147582639	-9.32107732657526	1.15164921381111e-20	6954.70152404793
B_5701.sex	-6.0677489368399	1.0008460021872	-6.06261994710447	1.33921862984387e-09	6954.70152404793
B_5701.Array	0.105842948498786	0.153379886524758	0.690070588112615	0.490149798155238	6954.70152404793
B_5701.scale(PC1)	0.0116279574431277	0.0466270532953054	0.249382206709135	0.803065147437127	6954.70152404793
B_5701.scale(PC2)	0.00505349514782134	0.0450221607499057	0.112244616065699	0.910629454157234	6954.70152404793
B_5701.scale(PC3)	-0.022783250014972	0.0459640690775702	-0.495675219191807	0.620123573522354	6954.70152404793
B_5701.scale(PC4)	-0.0895402536467525	0.063090401691435	-1.41923733636504	0.155829834240911	6954.70152404793
B_5701.scale(PC5)	-0.00360401179573701	0.0635494699707533	-0.0567119095941421	0.954774686801678	6954.70152404793
B_5701.scale(PC6)	-0.0133949412164937	0.0455409621862429	-0.294129517108448	0.768658936556893	6954.70152404793
B_5701.scale(PC7)	0.00094179586550854	0.0462633608302704	0.0203572729824747	0.983758368000615	6954.70152404793
B_5701.scale(PC8)	-0.0728063696425183	0.0489621907800356	-1.48699166607155	0.137017012064668	6954.70152404793
B_5701.scale(PC9)	0.061359053342178	0.0507476383845864	1.2091016507443	0.226623795116797	6954.70152404793
B_5701.scale(PC10)	-0.0542275829156614	0.0493443775907143	-1.09896173714969	0.271784755880992	6954.70152404793
B_5701.scale(N_CNV)	-0.148242683963003	0.106652839035315	-1.38995534768575	0.164542436969358	6954.70152404793
B_5701.scale(LEN_CNV)	0.0989537278881178	0.0608211844914234	1.62696153841054	0.103745266700615	6954.70152404793
B_5801.(Intercept)	-6.0747809540041	0.147686121691017	-41.1330522086125	0	6921.89513415809
B_5801.as.numeric(gcounts)	0.351083388760875	0.38109085445518	0.921259024341572	0.356915208670438	6921.89513415809
B_5801.scale(age)	-0.405690889196526	0.0439721267985691	-9.22609204360175	2.80685964730098e-20	6921.89513415809
B_5801.sex	-6.06233992511452	1.00085180113813	-6.05718041194576	1.38528195298838e-09	6921.89513415809
B_5801.Array	0.0989911285251226	0.153426245829858	0.645203354808662	0.518795412433718	6921.89513415809
B_5801.scale(PC1)	0.00968991079242889	0.0467711403916059	0.207177133405282	0.835871524788036	6921.89513415809
B_5801.scale(PC2)	0.00860852057780636	0.0451534905533101	0.190650168399335	0.848799682311261	6921.89513415809
B_5801.scale(PC3)	-0.0206422744288982	0.0460962133760148	-0.447808462281175	0.654291435638568	6921.89513415809
B_5801.scale(PC4)	-0.0891946684850924	0.063304248549737	-1.40898392333042	0.15883992195426	6921.89513415809
B_5801.scale(PC5)	-0.000162964402394006	0.0636870077140539	-0.00255883277050312	0.997958349066734	6921.89513415809
B_5801.scale(PC6)	-0.00975956552359425	0.0456682842607369	-0.213705543827163	0.830776687867858	6921.89513415809
B_5801.scale(PC7)	-0.0016479621237535	0.0464000377968734	-0.0355163961496717	0.971667972386583	6921.89513415809
B_5801.scale(PC8)	-0.0730937561196595	0.049114150993176	-1.48824228132978	0.136687010461687	6921.89513415809
B_5801.scale(PC9)	0.0650487869461583	0.0510196973940231	1.27497398590566	0.202318449793579	6921.89513415809
B_5801.scale(PC10)	-0.0544678494889777	0.0494953912726348	-1.10046305501361	0.271130418188685	6921.89513415809
B_5801.scale(N_CNV)	-0.146401446424665	0.105513760808164	-1.38751045648765	0.165286164870094	6921.89513415809
B_5801.scale(LEN_CNV)	0.0996906098834836	0.0604756146528733	1.64844310315327	0.099261777172638	6921.89513415809
C_102.(Intercept)	-6.07077875224796	0.148079176964478	-40.9968428829412	0	6956.34262476534
C_102.as.numeric(gcounts)	-0.0289424618426192	0.17492765631218	-0.165453893642568	0.868586737145712	6956.34262476534
C_102.scale(age)	-0.408591437381383	0.0438457782819388	-9.31883190107934	1.17628121790513e-20	6956.34262476534
C_102.sex	-6.06785850585783	1.00084541133613	-6.06273300264947	1.33827726505015e-09	6956.34262476534
C_102.Array	0.105634685259993	0.153379512993782	0.688714439093803	0.491002987882757	6956.34262476534
C_102.scale(PC1)	0.0116577873852491	0.0466245593674955	0.250035336384892	0.802560021848061	6956.34262476534
C_102.scale(PC2)	0.00522537234391316	0.0450207182146125	0.116065948104247	0.907600275854107	6956.34262476534
C_102.scale(PC3)	-0.0230499590511089	0.0459580285241504	-0.501543686518155	0.615988540258861	6956.34262476534
C_102.scale(PC4)	-0.0894730362674679	0.0631038310444743	-1.41787011638658	0.156228688519362	6956.34262476534
C_102.scale(PC5)	-0.00378962855596562	0.0635509946976132	-0.0596313019803598	0.952449287345725	6956.34262476534
C_102.scale(PC6)	-0.0134846470603868	0.0455388213910512	-0.296113220511163	0.76714361799369	6956.34262476534
C_102.scale(PC7)	0.00110401075154392	0.0462697960518629	0.0238602899893151	0.980964049255478	6956.34262476534
C_102.scale(PC8)	-0.072889115086239	0.0489702647133872	-1.48843620741778	0.136635893882378	6956.34262476534
C_102.scale(PC9)	0.0616506747034612	0.050757354154786	1.21461561048781	0.224512732179308	6956.34262476534
C_102.scale(PC10)	-0.0541352405610195	0.0493466748374775	-1.09703927851903	0.272624222156882	6956.34262476534
C_102.scale(N_CNV)	-0.148280814785679	0.106553971454991	-1.39160289157607	0.164042682768231	6956.34262476534
C_102.scale(LEN_CNV)	0.0988713612456302	0.0607267999548066	1.6281338934245	0.103496498188162	6956.34262476534
C_202.(Intercept)	-6.07111998527384	0.148170557185087	-40.9738621532625	0	6932.05898485159
C_202.as.numeric(gcounts)	-0.014811133999481	0.170191731910992	-0.0870261665074718	0.930650713142835	6932.05898485159
C_202.scale(age)	-0.409077829026792	0.0439295362512098	-9.31213629680705	1.25286612069695e-20	6932.05898485159
C_202.sex	-6.06404398226098	1.00084971592143	-6.05889564216757	1.37059273427824e-09	6932.05898485159
C_202.Array	0.100786716207357	0.15341340480653	0.656961602113323	0.511205606484524	6932.05898485159
C_202.scale(PC1)	0.0161500969034237	0.0467111611253223	0.345743854666647	0.729535223166862	6932.05898485159
C_202.scale(PC2)	0.0103553933218505	0.0451119550790349	0.22954875938558	0.818442427655466	6932.05898485159
C_202.scale(PC3)	-0.0229777771443809	0.0460483467395976	-0.498992445360084	0.617784706171413	6932.05898485159
C_202.scale(PC4)	-0.0895301995349766	0.0632427695062989	-1.41565905848035	0.156875350860887	6932.05898485159
C_202.scale(PC5)	-0.00577672669447873	0.0637408969923669	-0.0906282617135197	0.927787974735396	6932.05898485159
C_202.scale(PC6)	-0.0121464382337557	0.0456290963913509	-0.266199403327612	0.790085642527583	6932.05898485159
C_202.scale(PC7)	0.0078525140197869	0.0463739833604637	0.16933015994657	0.865536954296601	6932.05898485159
C_202.scale(PC8)	-0.0704748369536344	0.0490750639123377	-1.43606205138159	0.150984685207395	6932.05898485159
C_202.scale(PC9)	0.0643150228651431	0.050952422956287	1.26225641752739	0.206856533642908	6932.05898485159
C_202.scale(PC10)	-0.0524906324441719	0.0494485601559952	-1.06151993664891	0.288453677465092	6932.05898485159
C_202.scale(N_CNV)	-0.148293036647826	0.10643021544149	-1.39333586832162	0.163518248997392	6932.05898485159
C_202.scale(LEN_CNV)	0.0993700374074747	0.0606423911476201	1.63862333801418	0.101291728800929	6932.05898485159
C_302.(Intercept)	-6.07249497926084	0.147624833272151	-41.134644115506	0	6956.53452015928
C_302.as.numeric(gcounts)	-0.215253003916311	1.0023943035087	-0.214738853924903	0.829970928098514	6956.53452015928
C_302.scale(age)	-0.408580671348843	0.0438444033065089	-9.31887859192708	1.17576376054385e-20	6956.53452015928
C_302.sex	-6.06782767422887	1.00084520972643	-6.06270341833124	1.33852353858961e-09	6956.53452015928
C_302.Array	0.105663670132378	0.153379642622637	0.688902831729395	0.490884417319884	6956.53452015928
C_302.scale(PC1)	0.0116627001204601	0.0466239487328438	0.250143980452785	0.802476005337387	6956.53452015928
C_302.scale(PC2)	0.00523788510837786	0.0450217743009055	0.116341152469251	0.907382172079718	6956.53452015928
C_302.scale(PC3)	-0.0229937184619374	0.0459612961000988	-0.500284378661985	0.616874851956862	6956.53452015928
C_302.scale(PC4)	-0.089466060611243	0.0631035439276241	-1.41776602458104	0.156259086551153	6956.53452015928
C_302.scale(PC5)	-0.00379911563130154	0.0635506842789935	-0.0597808768607913	0.952330156387446	6956.53452015928
C_302.scale(PC6)	-0.0134965755170723	0.0455387298987452	-0.29637575635249	0.76694313771979	6956.53452015928
C_302.scale(PC7)	0.0010131048490723	0.0462694895650943	0.0218957429311385	0.982531120611141	6956.53452015928
C_302.scale(PC8)	-0.0728513520094564	0.0489707557501532	-1.4876501473888	0.136843181148855	6956.53452015928
C_302.scale(PC9)	0.0615094349189341	0.050758187163396	1.21181307600543	0.22558394176134	6956.53452015928
C_302.scale(PC10)	-0.0542504102976713	0.0493457246465151	-1.09939433834016	0.271596099223668	6956.53452015928
C_302.scale(N_CNV)	-0.148343722120648	0.106555070020236	-1.39217891830465	0.163868225020655	6956.53452015928
C_302.scale(LEN_CNV)	0.0988873575430222	0.0607331119106223	1.62822806920464	0.103476535098901	6956.53452015928
C_303.(Intercept)	-6.04739579551289	0.148262229685869	-40.7885124102465	0	6917.18400763553
C_303.as.numeric(gcounts)	-0.176690922642956	0.149626345434809	-1.18088109503375	0.237649962450871	6917.18400763553
C_303.scale(age)	-0.405407860814352	0.0439647186331089	-9.22120903803642	2.93768854032602e-20	6917.18400763553
C_303.sex	-6.06183106488072	1.00085584529268	-6.0566475116185	1.3898768698424e-09	6917.18400763553
C_303.Array	0.0976977519451798	0.153426758567495	0.636771270261836	0.524273842377363	6917.18400763553
C_303.scale(PC1)	0.00900168508440407	0.0467650373421005	0.19248749912363	0.847360359075637	6917.18400763553
C_303.scale(PC2)	0.008419511309553	0.0451612382524244	0.186432251093138	0.852105803035434	6917.18400763553
C_303.scale(PC3)	-0.0198791291842143	0.0460980938530476	-0.431235383562395	0.666297228459081	6917.18400763553
C_303.scale(PC4)	-0.0915434877601309	0.0632684700967826	-1.44690534827372	0.147923435019877	6917.18400763553
C_303.scale(PC5)	-0.00567562024632578	0.0637325142451867	-0.0890537634289928	0.929039182771054	6917.18400763553
C_303.scale(PC6)	-0.0100072028762905	0.0456729848239544	-0.219105515325154	0.826567854548237	6917.18400763553
C_303.scale(PC7)	-0.000185751403075934	0.04636809148712	-0.00400601786958454	0.996803668740777	6917.18400763553
C_303.scale(PC8)	-0.0688328891421591	0.049087467887025	-1.40224974122883	0.160840682765785	6917.18400763553
C_303.scale(PC9)	0.0606974715992569	0.0509096433963594	1.1922588246532	0.233159774254059	6917.18400763553
C_303.scale(PC10)	-0.0542969691149041	0.0494996211742625	-1.09691686172208	0.272677737039496	6917.18400763553
C_303.scale(N_CNV)	-0.146697848679564	0.107211550397298	-1.36830265149548	0.171217361182707	6917.18400763553
C_303.scale(LEN_CNV)	0.0971450766481022	0.0614480661288294	1.58092976342709	0.113894098074604	6917.18400763553
C_304.(Intercept)	-6.06359683391974	0.14867798545688	-40.7834207282712	0	6939.99828006171
C_304.as.numeric(gcounts)	-0.0390240035215184	0.118044666907681	-0.330586756215236	0.740956651274407	6939.99828006171
C_304.scale(age)	-0.409454369420026	0.0438911901278646	-9.32885092036002	1.07024870317017e-20	6939.99828006171
C_304.sex	-6.06547214923703	1.00085121435801	-6.06031352335192	1.3585647343373e-09	6939.99828006171
C_304.Array	0.103774539408774	0.15339711011852	0.67650909022076	0.49871747657988	6939.99828006171
C_304.scale(PC1)	0.0108354320531214	0.0466671255867597	0.232185546396618	0.816393903342405	6939.99828006171
C_304.scale(PC2)	0.00658012072182697	0.0450569174029177	0.146040188745821	0.883889662484932	6939.99828006171
C_304.scale(PC3)	-0.022153995121085	0.0460151513174286	-0.481450011285607	0.630196699761875	6939.99828006171
C_304.scale(PC4)	-0.0917159627770252	0.0631708263894595	-1.45187213812243	0.14653716092615	6939.99828006171
C_304.scale(PC5)	-0.00191284899629193	0.0636346964708807	-0.0300598431732482	0.976019326752382	6939.99828006171
C_304.scale(PC6)	-0.0165730711838401	0.0455892481050878	-0.363530259275992	0.716208813146886	6939.99828006171
C_304.scale(PC7)	0.000628345624931135	0.0463223050068027	0.0135646450417107	0.98917731104453	6939.99828006171
C_304.scale(PC8)	-0.0747908785615785	0.0490365874591548	-1.52520561557991	0.127207820383093	6939.99828006171
C_304.scale(PC9)	0.062721652203738	0.0508474136451616	1.23352689364774	0.217379249320062	6939.99828006171
C_304.scale(PC10)	-0.0547155449369198	0.0493883583917947	-1.10786320336596	0.267920899171119	6939.99828006171
C_304.scale(N_CNV)	-0.147671964495202	0.107366770381939	-1.37539728511795	0.169008310208798	6939.99828006171
C_304.scale(LEN_CNV)	0.0970798634084375	0.0614150811950449	1.58071700825611	0.113942757690035	6939.99828006171
C_401.(Intercept)	-6.06008174231943	0.148647098851682	-40.7682476761024	0	6955.70547962086
C_401.as.numeric(gcounts)	-0.0803258695908593	0.117137467878329	-0.685740190954902	0.492876957633655	6955.70547962086
C_401.scale(age)	-0.408488951670118	0.0438441311467532	-9.3168444894675	1.19851701360553e-20	6955.70547962086
C_401.sex	-6.06791172795844	1.00084546849117	-6.06278583356745	1.33783758592726e-09	6955.70547962086
C_401.Array	0.10608596961459	0.153380892332778	0.691650491799354	0.489156844872292	6955.70547962086
C_401.scale(PC1)	0.0117111292005151	0.0466191338029736	0.251208639997685	0.801652804956075	6955.70547962086
C_401.scale(PC2)	0.00497403279283824	0.0450229296264815	0.110477768419419	0.912030480162704	6955.70547962086
C_401.scale(PC3)	-0.0227034278459251	0.0459577593611754	-0.49400641287801	0.621301650503149	6955.70547962086
C_401.scale(PC4)	-0.0897660968530603	0.0631139398887365	-1.42228637621592	0.154943132266737	6955.70547962086
C_401.scale(PC5)	-0.00451314988824628	0.0635603328952034	-0.0710057622839617	0.943393169429539	6955.70547962086
C_401.scale(PC6)	-0.0135421960574648	0.0455373838365904	-0.297386343186964	0.766171568880996	6955.70547962086
C_401.scale(PC7)	0.000793853413501617	0.0462711262945882	0.017156561274249	0.986311716165006	6955.70547962086
C_401.scale(PC8)	-0.0727386819020844	0.0489724188309005	-1.48529894251799	0.13746465188644	6955.70547962086
C_401.scale(PC9)	0.0618342629446542	0.0507595914733755	1.21817889289136	0.223155998767232	6955.70547962086
C_401.scale(PC10)	-0.0544272342145186	0.049344232013985	-1.10301107126549	0.270022357297199	6955.70547962086
C_401.scale(N_CNV)	-0.148282796639403	0.106467004586834	-1.39275822791149	0.163692914052403	6955.70547962086
C_401.scale(LEN_CNV)	0.0989059094605421	0.060686058589697	1.62979622929959	0.103144571001517	6955.70547962086
C_501.(Intercept)	-6.10105598588681	0.149508939000961	-40.8072990595403	0	6953.93235351602
C_501.as.numeric(gcounts)	0.122150092082936	0.0941531108503115	1.29735588107264	0.194508765304697	6953.93235351602
C_501.scale(age)	-0.408632279752861	0.0438481322144284	-9.31926308182403	1.17151115170754e-20	6953.93235351602
C_501.sex	-6.06752666824201	1.00084599046922	-6.0623979373664	1.34106908786508e-09	6953.93235351602
C_501.Array	0.105368556902529	0.153380344168608	0.686975619162122	0.492098092469696	6953.93235351602
C_501.scale(PC1)	0.0120986840212037	0.0466219676735415	0.259506078892287	0.795244792359456	6953.93235351602
C_501.scale(PC2)	0.0051737791931623	0.0450184874221775	0.114925655867628	0.908504049385115	6953.93235351602
C_501.scale(PC3)	-0.0231101125019975	0.0459636463487371	-0.502791104227364	0.615111148660332	6953.93235351602
C_501.scale(PC4)	-0.0896286183940212	0.0631028117422412	-1.42035855327859	0.155503322632261	6953.93235351602
C_501.scale(PC5)	-0.00419564853153547	0.0635503538820677	-0.0660208523672655	0.947361223883338	6953.93235351602
C_501.scale(PC6)	-0.0134179194982373	0.0455406910113312	-0.294635834465022	0.768272084740127	6953.93235351602
C_501.scale(PC7)	0.000782969788178743	0.0462695924274217	0.0169219080415914	0.986498915178823	6953.93235351602
C_501.scale(PC8)	-0.0726679557213915	0.0489752717873004	-1.48376829917327	0.137870399831532	6953.93235351602
C_501.scale(PC9)	0.0615801924335596	0.050760333444341	1.21315579026057	0.225070263129428	6953.93235351602
C_501.scale(PC10)	-0.0545766676989173	0.0493396817054706	-1.10614146286367	0.268665294738802	6953.93235351602
C_501.scale(N_CNV)	-0.147865686871611	0.106466662277031	-1.38884495586852	0.164879901538602	6953.93235351602
C_501.scale(LEN_CNV)	0.0985768793351064	0.0606753154985742	1.62466199846003	0.104234598808714	6953.93235351602
C_602.(Intercept)	-6.07644539543707	0.148955713526519	-40.7936375958836	0	6945.07183845538
C_602.as.numeric(gcounts)	0.029939696763978	0.108838821724614	0.275082882096353	0.78325256255577	6945.07183845538
C_602.scale(age)	-0.406401220271811	0.0438840497258399	-9.26079572898927	2.02914283167517e-20	6945.07183845538
C_602.sex	-6.0661742484863	1.00084805032844	-6.0610341864538	1.3524907915105e-09	6945.07183845538
C_602.Array	0.103428775414364	0.153394863595182	0.674264919895355	0.500142902438596	6945.07183845538
C_602.scale(PC1)	0.0134373405914031	0.0466609766082663	0.287978125794791	0.773363482799565	6945.07183845538
C_602.scale(PC2)	0.00389815357921213	0.0450623608029321	0.0865057557960542	0.931064380762213	6945.07183845538
C_602.scale(PC3)	-0.0234513579176439	0.0460035201552498	-0.509773118198384	0.610210420695054	6945.07183845538
C_602.scale(PC4)	-0.0905418582327832	0.0631440529572347	-1.433893676323	0.151602606731094	6945.07183845538
C_602.scale(PC5)	-0.00333564478388776	0.063632257801906	-0.0524206573695999	0.958193514543911	6945.07183845538
C_602.scale(PC6)	-0.0156510678372619	0.0455832442640417	-0.343351336438513	0.731334164561028	6945.07183845538
C_602.scale(PC7)	0.00170850520429429	0.0463125326395947	0.0368907746330766	0.970572095518234	6945.07183845538
C_602.scale(PC8)	-0.0724768259996403	0.0490193917943991	-1.4785337668739	0.139264965918646	6945.07183845538
C_602.scale(PC9)	0.0591108348732969	0.0506924869859671	1.16606697338918	0.243587368414309	6945.07183845538
C_602.scale(PC10)	-0.0531499317798225	0.0493905378323365	-1.07611567139131	0.281875527752775	6945.07183845538
C_602.scale(N_CNV)	-0.147538227208472	0.106119246092741	-1.39030602497434	0.164435969084991	6945.07183845538
C_602.scale(LEN_CNV)	0.0990572320331679	0.0606063418422504	1.63443674411169	0.102167178202727	6945.07183845538
C_701.(Intercept)	-6.0969134989929	0.150702209497665	-40.4566961514081	0	6943.33406242141
C_701.as.numeric(gcounts)	0.0692498659192943	0.0807905710994971	0.857152820890573	0.391360432460015	6943.33406242141
C_701.scale(age)	-0.408736939378002	0.0438923061991558	-9.31226847647079	1.25130756316914e-20	6943.33406242141
C_701.sex	-6.06604828220209	1.00084811203331	-6.0609079532342	1.35355280350771e-09	6943.33406242141
C_701.Array	0.103614279498978	0.153396179377443	0.675468449862934	0.49937818970583	6943.33406242141
C_701.scale(PC1)	0.0120178917923345	0.0466675234415322	0.257521524736387	0.796776201140484	6943.33406242141
C_701.scale(PC2)	0.00459150706088444	0.0450574500603619	0.101903393439561	0.918833356411955	6943.33406242141
C_701.scale(PC3)	-0.0211580236952584	0.0460088730130929	-0.459868332120141	0.645610732009988	6943.33406242141
C_701.scale(PC4)	-0.0889627317711291	0.0631523783152116	-1.40869962691018	0.158924005298821	6943.33406242141
C_701.scale(PC5)	-0.00440745048464552	0.0635955403172856	-0.0693043956015821	0.944747326968739	6943.33406242141
C_701.scale(PC6)	-0.0122368839907588	0.0455765399412383	-0.268490850918823	0.788321516340831	6943.33406242141
C_701.scale(PC7)	0.000774080913047174	0.0463052356301297	0.0167169198582697	0.986662448952266	6943.33406242141
C_701.scale(PC8)	-0.0723998051128423	0.0490098760895125	-1.47724929931694	0.139608823167113	6943.33406242141
C_701.scale(PC9)	0.0605611595322087	0.0507519666841003	1.19327709818941	0.232760868644512	6943.33406242141
C_701.scale(PC10)	-0.0549412418328509	0.0494043524844499	-1.11207290592754	0.266106804984764	6943.33406242141
C_701.scale(N_CNV)	-0.146822382299794	0.106537331539599	-1.37813084088014	0.168162895064903	6943.33406242141
C_701.scale(LEN_CNV)	0.0982974590408921	0.061055721524913	1.60996310559991	0.107405910934667	6943.33406242141
C_702.(Intercept)	-6.06796327388105	0.150046404701374	-40.4405776063589	0	6954.747009364
C_702.as.numeric(gcounts)	-0.0105850603460979	0.0865303974350362	-0.122327652014366	0.902639533307646	6954.747009364
C_702.scale(age)	-0.408553739494861	0.0438463733962021	-9.31784564718983	1.1872642744153e-20	6954.747009364
C_702.sex	-6.06773560578239	1.00084698034873	-6.06260070212548	1.33937893876422e-09	6954.747009364
C_702.Array	0.105805834612734	0.15337990282917	0.689828541165376	0.490302017897463	6954.747009364
C_702.scale(PC1)	0.0117252240950464	0.0466250853539491	0.251478876789945	0.801443891436357	6954.747009364
C_702.scale(PC2)	0.00527604507209636	0.0450209839358998	0.117190798841898	0.906708858137996	6954.747009364
C_702.scale(PC3)	-0.0230053298842015	0.0459604042028654	-0.500546726757621	0.616690163015158	6954.747009364
C_702.scale(PC4)	-0.0892009754490617	0.0630971678395327	-1.41370807127058	0.157447634531829	6954.747009364
C_702.scale(PC5)	-0.00373157833983496	0.0635533243604553	-0.0587157064935042	0.95317854894884	6954.747009364
C_702.scale(PC6)	-0.0135334873994666	0.0455376513336723	-0.297193355456596	0.766318894411606	6954.747009364
C_702.scale(PC7)	0.000968776556538852	0.0462712691381148	0.0209368918247554	0.98329599764689	6954.747009364
C_702.scale(PC8)	-0.0729530453215317	0.0489718592394429	-1.48969319226447	0.136304925436649	6954.747009364
C_702.scale(PC9)	0.061490454433978	0.0507538827893185	1.21154187728311	0.225687795062742	6954.747009364
C_702.scale(PC10)	-0.0543607265875139	0.049348779184757	-1.10156173031135	0.270652253613914	6954.747009364
C_702.scale(N_CNV)	-0.148328207559414	0.106590627367599	-1.39156895144144	0.164052966376377	6954.747009364
C_702.scale(LEN_CNV)	0.0987516917833466	0.060747177209092	1.62561778703631	0.104030988969767	6954.747009364
C_704.(Intercept)	-6.06845442937119	0.147863953058587	-41.0407966501932	0	6956.25806025263
C_704.as.numeric(gcounts)	-0.119839373670163	0.25204761300409	-0.475463235861781	0.634456831422754	6956.25806025263
C_704.scale(age)	-0.408656544112211	0.0438450305358195	-9.32047575559005	1.15819789314469e-20	6956.25806025263
C_704.sex	-6.06793255089088	1.00084525602482	-6.06280792596411	1.33765376630024e-09	6956.25806025263
C_704.Array	0.105130198957183	0.153382281749399	0.6854129287824	0.493083387894546	6956.25806025263
C_704.scale(PC1)	0.0114919275240369	0.046626879130944	0.246465724025057	0.805321734445177	6956.25806025263
C_704.scale(PC2)	0.0053748956998987	0.0450219398809116	0.11938392068658	0.904971199618331	6956.25806025263
C_704.scale(PC3)	-0.023014675739036	0.0459593767510485	-0.500761267144707	0.616539147974477	6956.25806025263
C_704.scale(PC4)	-0.0894394330883611	0.0631035295505203	-1.41734438192964	0.156382265163552	6956.25806025263
C_704.scale(PC5)	-0.00408392194036975	0.0635571450324212	-0.0642559060556684	0.948766462729285	6956.25806025263
C_704.scale(PC6)	-0.0135558600773013	0.0455391157192298	-0.297675083567269	0.765951162213679	6956.25806025263
C_704.scale(PC7)	0.000996750451645585	0.046267097558113	0.0215433970197425	0.982812185669858	6956.25806025263
C_704.scale(PC8)	-0.0728907436273929	0.0489715094746072	-1.4884316291126	0.136637100498399	6956.25806025263
C_704.scale(PC9)	0.0616662072551648	0.0507565553655851	1.21494074629377	0.224388691620704	6956.25806025263
C_704.scale(PC10)	-0.054039623099092	0.0493494373659968	-1.09504030812572	0.273498977806902	6956.25806025263
C_704.scale(N_CNV)	-0.148689239413147	0.106627821850986	-1.39446944364054	0.163175890540923	6956.25806025263
C_704.scale(LEN_CNV)	0.0992101362084413	0.0607268252882459	1.63371188494591	0.102319361642393	6956.25806025263
C_802.(Intercept)	-6.07057716615324	0.148111932839264	-40.9864151374031	0	6956.15754952309
C_802.as.numeric(gcounts)	-0.0271009047360801	0.17243875278205	-0.157162495662061	0.875116785055153	6956.15754952309
C_802.scale(age)	-0.408491436905467	0.0438459466121768	-9.31651540149486	1.20223885342523e-20	6956.15754952309
C_802.sex	-6.0677303017817	1.00084567554753	-6.0626033064111	1.33935724420814e-09	6956.15754952309
C_802.Array	0.105614854011688	0.153379614343415	0.688584688804982	0.491084659070792	6956.15754952309
C_802.scale(PC1)	0.0116977839042402	0.0466276466750036	0.250876566552332	0.801909542315379	6956.15754952309
C_802.scale(PC2)	0.00529081976492987	0.0450229109382084	0.117513942450128	0.906452796116769	6956.15754952309
C_802.scale(PC3)	-0.0230440385060022	0.0459592282757351	-0.501401772191389	0.616088392823103	6956.15754952309
C_802.scale(PC4)	-0.0895312184511498	0.0631050731336146	-1.41876419763562	0.155967773813682	6956.15754952309
C_802.scale(PC5)	-0.00311022908163836	0.0635972670898729	-0.048905074446723	0.960994944879486	6956.15754952309
C_802.scale(PC6)	-0.0135815537123821	0.0455397745406564	-0.29823497918851	0.765523826289845	6956.15754952309
C_802.scale(PC7)	0.000936829015068762	0.0462735674176567	0.020245446101294	0.983847574557624	6956.15754952309
C_802.scale(PC8)	-0.0728612320102709	0.0489715064399198	-1.48782909301881	0.136795971132691	6956.15754952309
C_802.scale(PC9)	0.0616152779073061	0.0507627818488169	1.21378844230425	0.224828520911384	6956.15754952309
C_802.scale(PC10)	-0.054162354672865	0.0493493564377864	-1.09752909830033	0.272410167821915	6956.15754952309
C_802.scale(N_CNV)	-0.14837693110844	0.106554365982485	-1.39249977924723	0.163771108446833	6956.15754952309
C_802.scale(LEN_CNV)	0.098889137999282	0.060717657351346	1.62867182814802	0.103382509644424	6956.15754952309
C_1202.(Intercept)	-6.06809051092605	0.147635003739085	-41.1019768838165	0	6954.31826322404
C_1202.as.numeric(gcounts)	-0.917157129971325	0.708687972945227	-1.29416212068581	0.195609427802178	6954.31826322404
C_1202.scale(age)	-0.408551241327208	0.0438450909022614	-9.31806122235994	1.18485497271631e-20	6954.31826322404
C_1202.sex	-6.06780540664601	1.00084465298134	-6.06268454207263	1.33868069637614e-09	6954.31826322404
C_1202.Array	0.106655742512818	0.153380301006334	0.695367930647193	0.486824752718271	6954.31826322404
C_1202.scale(PC1)	0.0117355141041278	0.0466308320542978	0.251668554626319	0.80129726457322	6954.31826322404
C_1202.scale(PC2)	0.00491402353009388	0.0450374330292799	0.109109760471898	0.913115433374982	6954.31826322404
C_1202.scale(PC3)	-0.0227946063211615	0.0459623777170251	-0.495940537748074	0.619936364244851	6954.31826322404
C_1202.scale(PC4)	-0.090094207371054	0.0631076164883486	-1.42762811185696	0.153398927713569	6954.31826322404
C_1202.scale(PC5)	-0.00335546532925905	0.0635475283578831	-0.0528024522112322	0.95788930764635	6954.31826322404
C_1202.scale(PC6)	-0.0135939322325502	0.0455403403954193	-0.298503087910988	0.76531921967499	6954.31826322404
C_1202.scale(PC7)	0.000616263259387387	0.0462789071637583	0.0133162880706481	0.989375453339171	6954.31826322404
C_1202.scale(PC8)	-0.0729203903291663	0.0489845953589532	-1.48863923024809	0.136582395318158	6954.31826322404
C_1202.scale(PC9)	0.0620216706397456	0.0507637680994709	1.22177042725069	0.221794454789507	6954.31826322404
C_1202.scale(PC10)	-0.0543274142352128	0.0493501739077907	-1.1008555782746	0.270959518121683	6954.31826322404
C_1202.scale(N_CNV)	-0.14832151177806	0.106563979221023	-1.39185410363129	0.163966582486401	6954.31826322404
C_1202.scale(LEN_CNV)	0.0989424283546897	0.0607044080000799	1.62990516857622	0.103121541118607	6954.31826322404
C_1203.(Intercept)	-6.06186225122834	0.147902018120013	-40.9856628616759	0	6955.32676479698
C_1203.as.numeric(gcounts)	-0.223829177446564	0.211183477910565	-1.05988015568791	0.289199124674174	6955.32676479698
C_1203.scale(age)	-0.408627942549088	0.0438485006747149	-9.31908585838425	1.17346941938923e-20	6955.32676479698
C_1203.sex	-6.06768384076149	1.00084499455167	-6.06256100973909	1.33970963179974e-09	6955.32676479698
C_1203.Array	0.105865218349175	0.153380238299788	0.690214199186845	0.490059495292957	6955.32676479698
C_1203.scale(PC1)	0.0117491208806072	0.0466249289676461	0.251992252658661	0.801047052100089	6955.32676479698
C_1203.scale(PC2)	0.00526811669644008	0.0450195647974747	0.117018383454822	0.906845485674248	6955.32676479698
C_1203.scale(PC3)	-0.0228551521673369	0.0459652418660105	-0.497226844448249	0.619029093163622	6955.32676479698
C_1203.scale(PC4)	-0.0900604834082241	0.0631050155867751	-1.42715254200964	0.153535930442931	6955.32676479698
C_1203.scale(PC5)	-0.00354558954288084	0.0635557903257004	-0.0557870419785668	0.955511457871128	6955.32676479698
C_1203.scale(PC6)	-0.01353931723686	0.0455406199702542	-0.297301996452913	0.766235957568554	6955.32676479698
C_1203.scale(PC7)	0.000611695157592085	0.0462731520057902	0.0132192239144535	0.989452892514537	6955.32676479698
C_1203.scale(PC8)	-0.0724651232176987	0.0489747257435758	-1.47964326736846	0.138968473254789	6955.32676479698
C_1203.scale(PC9)	0.0618334048458436	0.0507584384530125	1.21818965930332	0.223151908323459	6955.32676479698
C_1203.scale(PC10)	-0.0539721775630437	0.0493380902735959	-1.09392514513128	0.273987809524633	6955.32676479698
C_1203.scale(N_CNV)	-0.148648459996153	0.106637557576927	-1.39395972088839	0.163329768291775	6955.32676479698
C_1203.scale(LEN_CNV)	0.0987350733085194	0.0606881440660176	1.62692523932045	0.103752976783417	6955.32676479698
C_1402.(Intercept)	-6.06723547860688	0.147717800860925	-41.0731505833824	0	6955.49326531828
C_1402.as.numeric(gcounts)	-0.312091972279167	0.380166873348899	-0.820934158544488	0.411683772862254	6955.49326531828
C_1402.scale(age)	-0.408688686645499	0.0438456270985574	-9.32108202550821	1.15159820579523e-20	6955.49326531828
C_1402.sex	-6.06808740637414	1.00084537133754	-6.06296195211922	1.33637287677906e-09	6955.49326531828
C_1402.Array	0.105149204985158	0.153380307737452	0.685545664474388	0.492999655361644	6955.49326531828
C_1402.scale(PC1)	0.0117140743817297	0.0466259307188974	0.251235186110333	0.801632282170853	6955.49326531828
C_1402.scale(PC2)	0.00544877339232016	0.0450261081233696	0.121013643404195	0.903680228741316	6955.49326531828
C_1402.scale(PC3)	-0.0228986680383762	0.0459585681260926	-0.498245897817163	0.618310735723319	6955.49326531828
C_1402.scale(PC4)	-0.0896695318148253	0.0631131977985609	-1.42077307033347	0.155382741941559	6955.49326531828
C_1402.scale(PC5)	-0.00455452470563687	0.0635650261110372	-0.0716514250726633	0.942879313920809	6955.49326531828
C_1402.scale(PC6)	-0.0134810180482679	0.0455438083047347	-0.296001115191467	0.767229229740894	6955.49326531828
C_1402.scale(PC7)	0.00103414766851848	0.0462676996100211	0.0223513958384587	0.982167651155819	6955.49326531828
C_1402.scale(PC8)	-0.0726337562848835	0.0489654712460984	-1.48336683864083	0.137976972972378	6955.49326531828
C_1402.scale(PC9)	0.0614212562786573	0.0507438628433021	1.21041743448518	0.226118755248612	6955.49326531828
C_1402.scale(PC10)	-0.054227248230877	0.0493450796990174	-1.09893931799561	0.271794535281678	6955.49326531828
C_1402.scale(N_CNV)	-0.148266227190071	0.106591865040682	-1.39097131974831	0.16423412391514	6955.49326531828
C_1402.scale(LEN_CNV)	0.0990211570259061	0.0607654806805057	1.62956263847466	0.103193966144335	6955.49326531828
C_1502.(Intercept)	-6.07416171469883	0.147837007708696	-41.0868821605724	0	6931.6391344075
C_1502.as.numeric(gcounts)	0.15929829726209	0.226108344504225	0.70452197423927	0.481107770382617	6931.6391344075
C_1502.scale(age)	-0.406064964804673	0.0439236665007147	-9.24478754063179	2.35708512321109e-20	6931.6391344075
C_1502.sex	-6.06440720825226	1.00085153413663	-6.05924755211933	1.36759780564109e-09	6931.6391344075
C_1502.Array	0.100995437758094	0.153412144662759	0.658327526677295	0.510327693720344	6931.6391344075
C_1502.scale(PC1)	0.0152729591641866	0.0467086631946633	0.326983435610969	0.7436804136629	6931.6391344075
C_1502.scale(PC2)	0.0060687257501971	0.0451059391459259	0.134543828708758	0.892972555825692	6931.6391344075
C_1502.scale(PC3)	-0.0292968747052248	0.0460545001685967	-0.636134896654497	0.524688502082977	6931.6391344075
C_1502.scale(PC4)	-0.0909005996957087	0.0632230438274494	-1.43777638963094	0.150497510510488	6931.6391344075
C_1502.scale(PC5)	0.00190387671237835	0.0636076877082062	0.0299315504300705	0.976121643511667	6931.6391344075
C_1502.scale(PC6)	-0.0190383169749683	0.045632025515883	-0.417213936040199	0.676521932656163	6931.6391344075
C_1502.scale(PC7)	-0.00399555436716999	0.0463446557060819	-0.0862139184399129	0.931296366589535	6931.6391344075
C_1502.scale(PC8)	-0.067399968801289	0.0490474383758342	-1.37417918311708	0.169386061699485	6931.6391344075
C_1502.scale(PC9)	0.0595467545873201	0.050733466022518	1.17371745429122	0.240508216645681	6931.6391344075
C_1502.scale(PC10)	-0.051163400482984	0.0494391623514868	-1.0348759576313	0.300726843986133	6931.6391344075
C_1502.scale(N_CNV)	-0.14997840336125	0.106731372494157	-1.40519511607949	0.159963266048704	6931.6391344075
C_1502.scale(LEN_CNV)	0.100230279913509	0.0604583116116649	1.65784120068232	0.0973495228577669	6931.6391344075
C_1601.(Intercept)	-6.08516489262425	0.148326602724701	-41.0254450708248	0	6944.081979381
C_1601.as.numeric(gcounts)	0.143023562837379	0.142781644909603	1.00169432091869	0.316491250373069	6944.081979381
C_1601.scale(age)	-0.407181998867687	0.0438832585719448	-9.27875486274858	1.71470594485798e-20	6944.081979381
C_1601.sex	-6.0657990227426	1.00084760968081	-6.0606619470042	1.35562481330005e-09	6944.081979381
C_1601.Array	0.103150507084394	0.153395000673013	0.672450253475188	0.501297099610317	6944.081979381
C_1601.scale(PC1)	0.0080002802029709	0.0466809139752031	0.171382252867214	0.863923208485045	6944.081979381
C_1601.scale(PC2)	0.00568830199601407	0.045066312686054	0.12622071025958	0.899557218056222	6944.081979381
C_1601.scale(PC3)	-0.0231548696804276	0.0460077321557666	-0.503282135316583	0.614765924770222	6944.081979381
C_1601.scale(PC4)	-0.0936946003359247	0.0631597025414289	-1.48345537685943	0.137953463846106	6944.081979381
C_1601.scale(PC5)	-0.00543932278149032	0.0636628741706502	-0.085439478696957	0.931912008430273	6944.081979381
C_1601.scale(PC6)	-0.0139192444360658	0.0455797594456169	-0.305382139031985	0.760075123485765	6944.081979381
C_1601.scale(PC7)	-0.00189883074021465	0.0463022722223048	-0.0410094504886943	0.967288361800998	6944.081979381
C_1601.scale(PC8)	-0.0712993818209105	0.0490080959791794	-1.4548490488429	0.145711055895232	6944.081979381
C_1601.scale(PC9)	0.0594332263355557	0.0507652256276744	1.17074681734806	0.241700560605122	6944.081979381
C_1601.scale(PC10)	-0.0522383599616363	0.0493990364184846	-1.05747730621906	0.290293806400921	6944.081979381
C_1601.scale(N_CNV)	-0.147294150291363	0.106007422874937	-1.38947015498278	0.164689830196315	6944.081979381
C_1601.scale(LEN_CNV)	0.0992035878301411	0.0606108026945851	1.63673113405251	0.101686660596094	6944.081979381
C_1602.(Intercept)	-6.06915487244434	0.14761374282363	-41.1151072816833	0	6953.40993726145
C_1602.as.numeric(gcounts)	-11.8217414090865	177.20094125216	-0.0667137619334874	0.946809578282671	6953.40993726145
C_1602.scale(age)	-0.40851758774687	0.043850259794538	-9.31619538084822	1.20586910598492e-20	6953.40993726145
C_1602.sex	-6.06739664999291	1.0009929135563	-6.06137822538307	1.34960048121885e-09	6953.40993726145
C_1602.Array	0.104884962346015	0.153380394260058	0.683822484953204	0.49408726640078	6953.40993726145
C_1602.scale(PC1)	0.0119831096328425	0.0466271662360248	0.256998453909563	0.79717996660043	6953.40993726145
C_1602.scale(PC2)	0.00515019365813067	0.0450224981900594	0.114391556781001	0.908927406774654	6953.40993726145
C_1602.scale(PC3)	-0.0230059739459239	0.0459590550975951	-0.500575433874134	0.616669955127549	6953.40993726145
C_1602.scale(PC4)	-0.0893786668790362	0.0631043021678739	-1.41636407992066	0.156668935077565	6953.40993726145
C_1602.scale(PC5)	-0.00419356536665193	0.0635436742745278	-0.0659950091732886	0.947381798896804	6953.40993726145
C_1602.scale(PC6)	-0.0134151463001952	0.0455260720910121	-0.294669530755404	0.768246341133775	6953.40993726145
C_1602.scale(PC7)	0.000885042890456424	0.0462734069542838	0.0191263827046669	0.984740284922664	6953.40993726145
C_1602.scale(PC8)	-0.072640112346137	0.0489722340853383	-1.48329178161559	0.1379969049207	6953.40993726145
C_1602.scale(PC9)	0.0614380043907992	0.0507476117088944	1.21065804521459	0.226026488092879	6953.40993726145
C_1602.scale(PC10)	-0.0544706643200441	0.0493454730060991	-1.10386345497816	0.269652373745588	6953.40993726145
C_1602.scale(N_CNV)	-0.148904145121938	0.106617196318215	-1.39662409314827	0.162526641231331	6953.40993726145
C_1602.scale(LEN_CNV)	0.0993777153099528	0.0607491652839129	1.63586964274337	0.101866872641312	6953.40993726145
C_1701.(Intercept)	-6.06359502035539	0.147634267481047	-41.0717316772939	0	6915.55941079587
C_1701.as.numeric(gcounts)	-1.22503838885561	1.00126812644851	-1.22348685281814	0.221145866874442	6915.55941079587
C_1701.scale(age)	-0.40814464594416	0.0439828936969794	-9.27962240856813	1.70080223977485e-20	6915.55941079587
C_1701.sex	-6.06263558511633	1.00085428770046	-6.05746077088374	1.38287051401867e-09	6915.55941079587
C_1701.Array	0.0988402922206209	0.153427159664098	0.64421639843307	0.519435118660676	6915.55941079587
C_1701.scale(PC1)	0.0152865798988712	0.046756772468273	0.326938304162118	0.743714549106947	6915.55941079587
C_1701.scale(PC2)	0.00295769727111338	0.0451496404325447	0.0655087669088371	0.947768926347346	6915.55941079587
C_1701.scale(PC3)	-0.0243779202640922	0.0460872907085835	-0.528951038112378	0.596839415314761	6915.55941079587
C_1701.scale(PC4)	-0.0891243624646813	0.063268026594491	-1.40867934819452	0.15893000420685	6915.55941079587
C_1701.scale(PC5)	-0.00616094615084055	0.0637244904283142	-0.0966809794700704	0.922979745243153	6915.55941079587
C_1701.scale(PC6)	-0.011894635550192	0.0456606235235543	-0.260500944409051	0.794477386920837	6915.55941079587
C_1701.scale(PC7)	-0.00605056406530023	0.0463721152298235	-0.130478500609972	0.896187862749412	6915.55941079587
C_1701.scale(PC8)	-0.0736283341598035	0.049084097578407	-1.50004457232181	0.133602857123771	6915.55941079587
C_1701.scale(PC9)	0.062417357081049	0.0509249439612407	1.22567355456602	0.220321545850969	6915.55941079587
C_1701.scale(PC10)	-0.0505264470241803	0.0495022726548841	-1.02068944140073	0.307401598544213	6915.55941079587
C_1701.scale(N_CNV)	-0.149839509119318	0.106447726304787	-1.40763466088782	0.1592392784832	6915.55941079587
C_1701.scale(LEN_CNV)	0.100776862000259	0.0602171690366455	1.67355695414592	0.0942177043919247	6915.55941079587
DRB5_101.(Intercept)	-6.06758372924424	0.149798931768289	-40.504853122916	0	6943.45130408062
DRB5_101.as.numeric(gcounts)	-0.0112580067648463	0.0900737233801236	-0.12498658146212	0.900534173474676	6943.45130408062
DRB5_101.scale(age)	-0.407804361979312	0.0438871536646397	-9.29211233645996	1.51256171465641e-20	6943.45130408062
DRB5_101.sex	-6.06613153037996	1.00084869023195	-6.06098762938291	1.3528823859713e-09	6943.45130408062
DRB5_101.Array	0.103371767324277	0.153395229501077	0.673891669646427	0.500380188630592	6943.45130408062
DRB5_101.scale(PC1)	0.011435783284506	0.0466703811179826	0.245032995458006	0.806430883282682	6943.45130408062
DRB5_101.scale(PC2)	0.00415213053471129	0.0450604720736063	0.0921457397944873	0.926582247909733	6943.45130408062
DRB5_101.scale(PC3)	-0.0261673478691069	0.0460035774445665	-0.568811151711801	0.569484305886563	6943.45130408062
DRB5_101.scale(PC4)	-0.0927458717214225	0.0631486354150572	-1.46869162115431	0.141916451124562	6943.45130408062
DRB5_101.scale(PC5)	0.000235490505483551	0.0636027780422791	0.00370251917812477	0.997045823861326	6943.45130408062
DRB5_101.scale(PC6)	-0.0110503861648894	0.0455844675487922	-0.242415602486996	0.808458145831837	6943.45130408062
DRB5_101.scale(PC7)	0.000317672853370746	0.0463039313474739	0.00686060220215139	0.994526074366124	6943.45130408062
DRB5_101.scale(PC8)	-0.0742930684251014	0.0490146983856953	-1.51573040071554	0.129587537210216	6943.45130408062
DRB5_101.scale(PC9)	0.0594665624120513	0.0507276444616465	1.17227131366236	0.241088144913312	6943.45130408062
DRB5_101.scale(PC10)	-0.0551779461633406	0.0494027912140283	-1.11689936554986	0.264037355938998	6943.45130408062
DRB5_101.scale(N_CNV)	-0.147872885193981	0.106163165316929	-1.39288316011053	0.163655125542425	6943.45130408062
DRB5_101.scale(LEN_CNV)	0.0996170747817816	0.0607159946653705	1.64070563828873	0.100858533963216	6943.45130408062
DRB5_202.(Intercept)	-6.06277643729619	0.147641574339073	-41.0641546220068	0	6951.06166579671
DRB5_202.as.numeric(gcounts)	-1.20876906170605	0.707786678098229	-1.70781550304666	0.0876705815385242	6951.06166579671
DRB5_202.scale(age)	-0.408690582945397	0.0438504935998009	-9.32009082213051	1.16240757027276e-20	6951.06166579671
DRB5_202.sex	-6.06744893867788	1.00084490781512	-6.06232683136028	1.34166228540297e-09	6951.06166579671
DRB5_202.Array	0.105355460108433	0.153381076555072	0.686886951602563	0.492153970173503	6951.06166579671
DRB5_202.scale(PC1)	0.0119848157527346	0.0466240934674937	0.257051984530066	0.797138643093974	6951.06166579671
DRB5_202.scale(PC2)	0.00520914534865814	0.0450211896818496	0.115704302473335	0.907886896277289	6951.06166579671
DRB5_202.scale(PC3)	-0.0229721639948211	0.0459566981782439	-0.499865414737219	0.61716984624931	6951.06166579671
DRB5_202.scale(PC4)	-0.0909402874157811	0.063126316347801	-1.44060817543568	0.149695409450188	6951.06166579671
DRB5_202.scale(PC5)	-0.00490694979164154	0.0635604731729428	-0.0772012785098395	0.938463424580437	6951.06166579671
DRB5_202.scale(PC6)	-0.0131436315626553	0.04553988864663	-0.288617999588103	0.772873719748842	6951.06166579671
DRB5_202.scale(PC7)	0.000876510918698742	0.0462744269982892	0.0189415834091505	0.984887706719868	6951.06166579671
DRB5_202.scale(PC8)	-0.0721439219165999	0.0489840663499711	-1.47280385832326	0.140803931679438	6951.06166579671
DRB5_202.scale(PC9)	0.0609701457425028	0.0507417481526334	1.20157755619893	0.229527241423016	6951.06166579671
DRB5_202.scale(PC10)	-0.0549147126307006	0.0493470349926472	-1.11282699434491	0.265782739427439	6951.06166579671
DRB5_202.scale(N_CNV)	-0.149278123628945	0.106593280170253	-1.40044591357462	0.161379829124758	6951.06166579671
DRB5_202.scale(LEN_CNV)	0.0996369245041841	0.0607319596375277	1.64060117768069	0.100880230374957	6951.06166579671
DRB5_9901.(Intercept)	-6.14061578052136	0.211918019464346	-28.9763739583952	1.3061365589298e-184	6922.70479369598
DRB5_9901.as.numeric(gcounts)	0.0463026390731399	0.0889605231827229	0.520485237907553	0.602725414216624	6922.70479369598
DRB5_9901.scale(age)	-0.405876860568634	0.0439249470566934	-9.24023562384204	2.45955015988963e-20	6922.70479369598
DRB5_9901.sex	-6.0635556808679	1.00085934545249	-6.05834946580484	1.3752536314491e-09	6922.70479369598
DRB5_9901.Array	0.102731685846579	0.153411346809919	0.66964854935969	0.503081857308546	6922.70479369598
DRB5_9901.scale(PC1)	0.0144869177919173	0.0467131473196484	0.310125063781002	0.756465853108663	6922.70479369598
DRB5_9901.scale(PC2)	0.00647456823427438	0.0451374161568797	0.143441268586827	0.885941692322328	6922.70479369598
DRB5_9901.scale(PC3)	-0.0205562424630872	0.0460556948309645	-0.446334433527353	0.655355686820255	6922.70479369598
DRB5_9901.scale(PC4)	-0.0854260631874414	0.0632466409805845	-1.35068142533713	0.176797504872918	6922.70479369598
DRB5_9901.scale(PC5)	-0.00582240930403178	0.0636998674870464	-0.0914037898935313	0.927171750458067	6922.70479369598
DRB5_9901.scale(PC6)	-0.0102127664969686	0.0456256162631246	-0.223838434051415	0.822883022597307	6922.70479369598
DRB5_9901.scale(PC7)	-0.000466975011179016	0.0463702949141799	-0.0100705637530077	0.991964988476586	6922.70479369598
DRB5_9901.scale(PC8)	-0.0763551000028646	0.0490967070812849	-1.55519798662771	0.119898923679235	6922.70479369598
DRB5_9901.scale(PC9)	0.0622478711316707	0.0508732941575421	1.22358640545085	0.221108290550022	6922.70479369598
DRB5_9901.scale(PC10)	-0.0576193584256955	0.0494436633805039	-1.16535374780533	0.243875831201324	6922.70479369598
DRB5_9901.scale(N_CNV)	-0.147826816473702	0.106389993772387	-1.38948045048265	0.164686701567806	6922.70479369598
DRB5_9901.scale(LEN_CNV)	0.099465049359468	0.0604765478581204	1.64468794734805	0.100034179600915	6922.70479369598
DRB4_101.(Intercept)	-6.08728446525679	0.14901240001477	-40.8508584832767	0	6839.14121167463
DRB4_101.as.numeric(gcounts)	0.189179164303117	0.110422216871521	1.71323461584939	0.0866693856971486	6839.14121167463
DRB4_101.scale(age)	-0.412113189772592	0.0441958538292356	-9.32470252447028	1.11295352668184e-20	6839.14121167463
DRB4_101.sex	-6.05106470031091	1.00087832303358	-6.04575457481246	1.48712328452537e-09	6839.14121167463
DRB4_101.Array	0.0896477007860478	0.153511365054796	0.58398087173577	0.559233181449974	6839.14121167463
DRB4_101.scale(PC1)	0.0131667429546822	0.0469818382331365	0.280251762167017	0.779284356595579	6839.14121167463
DRB4_101.scale(PC2)	0.00408092302535182	0.0453536324729189	0.0899800700150882	0.928303052398955	6839.14121167463
DRB4_101.scale(PC3)	-0.0232091300446075	0.0463418629244584	-0.500824278092587	0.616494797631868	6839.14121167463
DRB4_101.scale(PC4)	-0.0967099168003299	0.0635622735261457	-1.52149870411022	0.128134736268506	6839.14121167463
DRB4_101.scale(PC5)	0.00191398460785618	0.0639952830382064	0.0299082138087193	0.976140255109134	6839.14121167463
DRB4_101.scale(PC6)	-0.0131397935590864	0.0458993734653931	-0.286273919817084	0.774668331583746	6839.14121167463
DRB4_101.scale(PC7)	-0.00119729242596095	0.0466029200661009	-0.0256913606328257	0.9795035148004	6839.14121167463
DRB4_101.scale(PC8)	-0.0737709866624934	0.0493602388908338	-1.49454273966637	0.135033819651799	6839.14121167463
DRB4_101.scale(PC9)	0.061620632513671	0.0511407724107401	1.20492181891117	0.228233484660421	6839.14121167463
DRB4_101.scale(PC10)	-0.0502109049671343	0.0497466075295525	-1.00933324824825	0.312814839830339	6839.14121167463
DRB4_101.scale(N_CNV)	-0.149649174532113	0.106387324369741	-1.40664478046293	0.159532747404441	6839.14121167463
DRB4_101.scale(LEN_CNV)	0.101922754981303	0.0605116051373123	1.68435054317302	0.0921139427912945	6839.14121167463
DRB4_103.(Intercept)	-6.0814387288467	0.152609647989954	-39.8496347311346	0	6706.6416529544
DRB4_103.as.numeric(gcounts)	0.093375624967919	0.0723763591240208	1.29013984812244	0.19700210658264	6706.6416529544
DRB4_103.scale(age)	-0.40699992642762	0.0446290979296667	-9.11960907363694	7.53957973648158e-20	6706.6416529544
DRB4_103.sex	-6.03351868539125	1.00091344555615	-6.0280124242299	1.65988293424901e-09	6706.6416529544
DRB4_103.Array	0.0660065255240207	0.153673967406412	0.429523143301542	0.667542555276956	6706.6416529544
DRB4_103.scale(PC1)	-0.0155303485115294	0.047511508378315	-0.326875509568492	0.743762045015202	6706.6416529544
DRB4_103.scale(PC2)	0.00289991639323977	0.0458346596342127	0.0632690722781143	0.949552243151918	6706.6416529544
DRB4_103.scale(PC3)	-0.0367319256048347	0.0468074504680391	-0.784745275325685	0.432602931563217	6706.6416529544
DRB4_103.scale(PC4)	-0.101910720973156	0.0643384573667613	-1.58397831008309	0.113198655048296	6706.6416529544
DRB4_103.scale(PC5)	-0.00483732656684664	0.0647615097896767	-0.0746944687138491	0.940457808707421	6706.6416529544
DRB4_103.scale(PC6)	-0.0207403322842634	0.0464030824249908	-0.446960227648445	0.65490377677175	6706.6416529544
DRB4_103.scale(PC7)	-0.0152639339007139	0.0471179945630487	-0.32395126410334	0.745974931753053	6706.6416529544
DRB4_103.scale(PC8)	-0.07664516829129	0.0498706416945888	-1.53687952845424	0.124322813504119	6706.6416529544
DRB4_103.scale(PC9)	0.0547323867707185	0.0515522868846119	1.06168688293546	0.288377856118452	6706.6416529544
DRB4_103.scale(PC10)	-0.056946290011752	0.0502461308903608	-1.13334676725679	0.257068659373679	6706.6416529544
DRB4_103.scale(N_CNV)	-0.151753270274397	0.10835186972163	-1.40055977496531	0.161345756768896	6706.6416529544
DRB4_103.scale(LEN_CNV)	0.10343275987311	0.0614765828142396	1.6824741249143	0.0924769382886878	6706.6416529544
DRB4_9901.(Intercept)	-5.92209589151523	0.169716801548209	-34.893987145009	9.17172055827796e-267	6844.26793211196
DRB4_9901.as.numeric(gcounts)	-0.122942377008041	0.0651417924035182	-1.887304178652	0.0591194247387178	6844.26793211196
DRB4_9901.scale(age)	-0.406841928315485	0.0441997778232738	-9.20461478205121	3.42898924725836e-20	6844.26793211196
DRB4_9901.sex	-6.05165061838136	1.00087450327126	-6.04636305411133	1.48152047007584e-09	6844.26793211196
DRB4_9901.Array	0.111366456698531	0.154995472879649	0.71851425483249	0.472440261726512	6844.26793211196
DRB4_9901.scale(PC1)	0.0131476852084377	0.0469826422819227	0.279841332242321	0.779599239492439	6844.26793211196
DRB4_9901.scale(PC2)	0.0143670508793162	0.0453702140963048	0.316662620300184	0.751499614839348	6844.26793211196
DRB4_9901.scale(PC3)	-0.0213129651373717	0.046332114072548	-0.460004158325245	0.645513235738435	6844.26793211196
DRB4_9901.scale(PC4)	-0.0990904327202529	0.0635565315695582	-1.55909125739194	0.11897478258722	6844.26793211196
DRB4_9901.scale(PC5)	0.0112392736950672	0.0639104897546478	0.175859608308663	0.860404238628573	6844.26793211196
DRB4_9901.scale(PC6)	-0.0068276807916022	0.0459049422294067	-0.148735200612634	0.881762584089855	6844.26793211196
DRB4_9901.scale(PC7)	-0.00195930938929063	0.046642945452	-0.0420065536235688	0.966493473694103	6844.26793211196
DRB4_9901.scale(PC8)	-0.0725479796480402	0.0493494090219241	-1.47008811424287	0.141537891008965	6844.26793211196
DRB4_9901.scale(PC9)	0.0795081396147956	0.0516839338010484	1.53835309674479	0.123962303770997	6844.26793211196
DRB4_9901.scale(PC10)	-0.0365635282160427	0.0497316639663326	-0.73521626464772	0.462207795052018	6844.26793211196
DRB4_9901.scale(N_CNV)	-0.166124467093999	0.111027643489296	-1.49624419534775	0.134590031447204	6844.26793211196
DRB4_9901.scale(LEN_CNV)	0.105254228979125	0.0596356827198806	1.76495386954021	0.0775715189492501	6844.26793211196
DRB3_101.(Intercept)	-6.05899589269877	0.150276021040187	-40.3191131276924	0	6942.70330752614
DRB3_101.as.numeric(gcounts)	-0.0346434287513786	0.0855449542965646	-0.404973373780502	0.685497082906034	6942.70330752614
DRB3_101.scale(age)	-0.407922486227989	0.0438868449237077	-9.29486926975763	1.47387211476679e-20	6942.70330752614
DRB3_101.sex	-6.06590987288248	1.00084939248914	-6.06076190723999	1.35478251651188e-09	6942.70330752614
DRB3_101.Array	0.10362603763917	0.153396235934965	0.67554485289394	0.499329664838382	6942.70330752614
DRB3_101.scale(PC1)	0.0136476030144732	0.046667560851859	0.292443032490941	0.769947910326153	6942.70330752614
DRB3_101.scale(PC2)	0.00477798666958195	0.0450576894835054	0.106041537512283	0.915549395790519	6942.70330752614
DRB3_101.scale(PC3)	-0.0200627988402142	0.0460085371071113	-0.436066871535308	0.662788212317783	6942.70330752614
DRB3_101.scale(PC4)	-0.087243041600159	0.063146311919126	-1.38160153694953	0.167094081814004	6942.70330752614
DRB3_101.scale(PC5)	-0.00312159870252245	0.0636128374705223	-0.0490718356018779	0.960862048291496	6942.70330752614
DRB3_101.scale(PC6)	-0.0144542114730371	0.0455900299377629	-0.317047641617459	0.751207452747567	6942.70330752614
DRB3_101.scale(PC7)	0.000260007768023006	0.0463209043981804	0.005613184185437	0.995521350520269	6942.70330752614
DRB3_101.scale(PC8)	-0.0746401948502405	0.0490284262329256	-1.52238610506562	0.12791236435534	6942.70330752614
DRB3_101.scale(PC9)	0.0625350403045313	0.0508291079865467	1.23029977864422	0.21858486718729	6942.70330752614
DRB3_101.scale(PC10)	-0.0536095076048232	0.0493883877535426	-1.08546786083289	0.277714490761704	6942.70330752614
DRB3_101.scale(N_CNV)	-0.148581286392495	0.106363140825905	-1.39692458532879	0.162436250556674	6942.70330752614
DRB3_101.scale(LEN_CNV)	0.0993622359420665	0.060537706364141	1.64132805667251	0.10072933506841	6942.70330752614
DRB3_202.(Intercept)	-6.06300843082977	0.149634033022437	-40.5189134340892	0	6911.48979717777
DRB3_202.as.numeric(gcounts)	0.00863309731496282	0.0930657804678541	0.0927633902768889	0.926091535887332	6911.48979717777
DRB3_202.scale(age)	-0.404503954029066	0.043964302932116	-9.20073621214121	3.55505597055883e-20	6911.48979717777
DRB3_202.sex	-6.06153067677656	1.0008621621515	-6.05630915624424	1.39280203580118e-09	6911.48979717777
DRB3_202.Array	0.100316277573345	0.153428186424266	0.653832127663598	0.513219965367068	6911.48979717777
DRB3_202.scale(PC1)	0.0122296228403958	0.0467729273157363	0.261467980351985	0.793731638854461	6911.48979717777
DRB3_202.scale(PC2)	0.0074392668811217	0.0451512564583582	0.164763230630863	0.869130346142292	6911.48979717777
DRB3_202.scale(PC3)	-0.0244634916189639	0.046099566796095	-0.530666410102494	0.595649966667591	6911.48979717777
DRB3_202.scale(PC4)	-0.0870764214006064	0.0633210214283613	-1.37515819290946	0.169082406353814	6911.48979717777
DRB3_202.scale(PC5)	-0.00727162456325979	0.0638175298273151	-0.113943999132154	0.909282186410278	6911.48979717777
DRB3_202.scale(PC6)	-0.0131224870556849	0.045681683482031	-0.287259270137158	0.773913806666077	6911.48979717777
DRB3_202.scale(PC7)	0.00433912975630681	0.046430615646665	0.0934540646483647	0.92554284102518	6911.48979717777
DRB3_202.scale(PC8)	-0.0753648596853823	0.0491592694024595	-1.53307525928389	0.125257312774633	6911.48979717777
DRB3_202.scale(PC9)	0.0622229799273777	0.0509156783276928	1.22207897392452	0.221677763512768	6911.48979717777
DRB3_202.scale(PC10)	-0.0562803506732895	0.0495055297742119	-1.13684978082199	0.255601088795629	6911.48979717777
DRB3_202.scale(N_CNV)	-0.146376964274041	0.106649754386766	-1.37250165380789	0.169907324400564	6911.48979717777
DRB3_202.scale(LEN_CNV)	0.0974827939365966	0.0612751615261663	1.59090227603837	0.111631570273566	6911.48979717777
DRB3_301.(Intercept)	-6.07287713685412	0.148150915902714	-40.9911548629372	0	6954.93379593994
DRB3_301.as.numeric(gcounts)	0.0187995572732905	0.163949637153392	0.11466665983348	0.908709341171443	6954.93379593994
DRB3_301.scale(age)	-0.408631811777431	0.043845679080993	-9.31977381448682	1.1658857610431e-20	6954.93379593994
DRB3_301.sex	-6.06782586192418	1.0008466311587	-6.06269299712719	1.33861030002992e-09	6954.93379593994
DRB3_301.Array	0.10576220309761	0.153379763173313	0.689544702048492	0.490480552496644	6954.93379593994
DRB3_301.scale(PC1)	0.0114692173112465	0.0466193775305689	0.246018242172496	0.805668111198937	6954.93379593994
DRB3_301.scale(PC2)	0.00517105958686148	0.0450221338556039	0.114855941822887	0.908559307239965	6954.93379593994
DRB3_301.scale(PC3)	-0.0230331082203256	0.0459603523325684	-0.50115168947484	0.6162643712115	6954.93379593994
DRB3_301.scale(PC4)	-0.0894654683489728	0.0630999729344983	-1.41783687358857	0.156238395958598	6954.93379593994
DRB3_301.scale(PC5)	-0.00384934532137498	0.063547588090951	-0.0605742159067579	0.951698308531154	6954.93379593994
DRB3_301.scale(PC6)	-0.0134636440436188	0.0455353348205745	-0.295674646879624	0.767478560784859	6954.93379593994
DRB3_301.scale(PC7)	0.000891539082707827	0.0462726099760683	0.019267101708093	0.984628028088575	6954.93379593994
DRB3_301.scale(PC8)	-0.0728414337534618	0.0489653548891859	-1.48761167805911	0.136853331893568	6954.93379593994
DRB3_301.scale(PC9)	0.0614998600468119	0.0507513004550785	1.21178885063738	0.225593217277064	6954.93379593994
DRB3_301.scale(PC10)	-0.0542148200504144	0.0493509142343417	-1.09855756254031	0.271961096815783	6954.93379593994
DRB3_301.scale(N_CNV)	-0.148118189587896	0.106492895514732	-1.39087390639506	0.164263666686451	6954.93379593994
DRB3_301.scale(LEN_CNV)	0.0987901935115663	0.0607334036265009	1.62662040347858	0.103817743196724	6954.93379593994
DRB3_9901.(Intercept)	-6.10986731328287	0.173285663109171	-35.2589314295068	2.50354950202418e-272	6837.28991624845
DRB3_9901.as.numeric(gcounts)	0.0216689690043966	0.0669841648896352	0.323493903971169	0.746321223493335	6837.28991624845
DRB3_9901.scale(age)	-0.412267587803472	0.0442527233929765	-9.31620827361112	1.20572264363427e-20	6837.28991624845
DRB3_9901.sex	-6.04991474610597	1.00087526674035	-6.04462408768408	1.4975875689816e-09	6837.28991624845
DRB3_9901.Array	0.110598754162382	0.155009033112148	0.713498768051569	0.475537175182221	6837.28991624845
DRB3_9901.scale(PC1)	0.00327063785889619	0.047071308767959	0.0694826199759816	0.944605466465472	6837.28991624845
DRB3_9901.scale(PC2)	-0.00468668950659602	0.0454163054919348	-0.103193984095168	0.917809014419316	6837.28991624845
DRB3_9901.scale(PC3)	-0.0187393515890129	0.0463670552540716	-0.404152290593597	0.686100734686617	6837.28991624845
DRB3_9901.scale(PC4)	-0.0903168074618399	0.06369788437788	-1.41789336245528	0.156221900559981	6837.28991624845
DRB3_9901.scale(PC5)	0.00346692643950057	0.0639297545797346	0.0542302479071236	0.956751721790832	6837.28991624845
DRB3_9901.scale(PC6)	-0.00902060923540432	0.0459473957883196	-0.196324711784808	0.844356020536533	6837.28991624845
DRB3_9901.scale(PC7)	-0.0060801178560301	0.0466405090557791	-0.130361309923926	0.896280575533787	6837.28991624845
DRB3_9901.scale(PC8)	-0.0665078520956793	0.0493394741890024	-1.34796434678065	0.177669850142007	6837.28991624845
DRB3_9901.scale(PC9)	0.0663160899192242	0.0513513141930345	1.29141952764706	0.196558242877166	6837.28991624845
DRB3_9901.scale(PC10)	-0.0515396669385807	0.0497942161150704	-1.03505328449145	0.300644027474187	6837.28991624845
DRB3_9901.scale(N_CNV)	-0.149039316923415	0.105868642701754	-1.40777583541218	0.159197457905757	6837.28991624845
DRB3_9901.scale(LEN_CNV)	0.103288656751796	0.0598751018420214	1.72506857732484	0.0845151145738526	6837.28991624845
DRB1_101.(Intercept)	-6.03273051837455	0.148650707306142	-40.5832614435552	0	6922.40082553765
DRB1_101.as.numeric(gcounts)	-0.18013783392822	0.117365795794083	-1.53484098760996	0.12482289199859	6922.40082553765
DRB1_101.scale(age)	-0.4064919241316	0.0439251491013167	-9.25419565893779	2.15849403857971e-20	6922.40082553765
DRB1_101.sex	-6.06428791084681	1.0008570903943	-6.05909471896506	1.36889770734157e-09	6922.40082553765
DRB1_101.Array	0.101332496156626	0.153415360546155	0.66051075847871	0.508926116779501	6922.40082553765
DRB1_101.scale(PC1)	0.012481707398662	0.0467369790650572	0.267062776592549	0.789420826955341	6922.40082553765
DRB1_101.scale(PC2)	0.010275454280748	0.0451208832210345	0.227731674276221	0.819854846845077	6922.40082553765
DRB1_101.scale(PC3)	-0.0246150061494279	0.0460596331198686	-0.53441602726987	0.593053732757181	6922.40082553765
DRB1_101.scale(PC4)	-0.0867876980589785	0.0632687119808218	-1.37173170342532	0.170146975150248	6922.40082553765
DRB1_101.scale(PC5)	-0.00391338622274958	0.0636350534033581	-0.0614973354063857	0.950963136429386	6922.40082553765
DRB1_101.scale(PC6)	-0.0188971557790639	0.0456373537646175	-0.414072119004297	0.678821290878797	6922.40082553765
DRB1_101.scale(PC7)	-0.00219115450204307	0.046390506136007	-0.0472328216385282	0.962327668820225	6922.40082553765
DRB1_101.scale(PC8)	-0.0739429496890412	0.0490809854511577	-1.50654981780316	0.131926088523264	6922.40082553765
DRB1_101.scale(PC9)	0.060273454907213	0.0507584958618013	1.18745549654028	0.235048000794635	6922.40082553765
DRB1_101.scale(PC10)	-0.0575328681560891	0.0494490843384215	-1.16347691622242	0.244636058505262	6922.40082553765
DRB1_101.scale(N_CNV)	-0.149277370994806	0.106807611848717	-1.39762858106259	0.162224631016998	6922.40082553765
DRB1_101.scale(LEN_CNV)	0.099117675175014	0.0605741285605358	1.63630377407673	0.10177602662893	6922.40082553765
DRB1_102.(Intercept)	-6.08155298515618	0.147762032000364	-41.157751438754	0	6954.16581411217
DRB1_102.as.numeric(gcounts)	0.478658057433906	0.289416814090246	1.6538709367613	0.0981537389315422	6954.16581411217
DRB1_102.scale(age)	-0.408532412728426	0.0438455808242858	-9.31752767435441	1.19082683371705e-20	6954.16581411217
DRB1_102.sex	-6.06761694238473	1.00084489282445	-6.06249478404345	1.34026156155312e-09	6954.16581411217
DRB1_102.Array	0.105483584323612	0.153380728289756	0.687723845751598	0.49162670063597	6954.16581411217
DRB1_102.scale(PC1)	0.0113324260247796	0.0466244104450882	0.243057787038967	0.80796063177746	6954.16581411217
DRB1_102.scale(PC2)	0.00531102944348843	0.0450225509556921	0.117963761065319	0.90609637182764	6954.16581411217
DRB1_102.scale(PC3)	-0.0230011791050583	0.0459585284188547	-0.500476840673208	0.616739359352443	6954.16581411217
DRB1_102.scale(PC4)	-0.0886733715957717	0.0630781735243707	-1.40576948635826	0.159792585668731	6954.16581411217
DRB1_102.scale(PC5)	-0.00367438285138535	0.0635502142961805	-0.0578185753121243	0.953893141970396	6954.16581411217
DRB1_102.scale(PC6)	-0.0134568801827351	0.0455431377871662	-0.29547547306956	0.767630686035474	6954.16581411217
DRB1_102.scale(PC7)	0.00107384670310881	0.0462688601479245	0.0232088428302676	0.981483684949924	6954.16581411217
DRB1_102.scale(PC8)	-0.0729317521708837	0.0489689242261458	-1.48934764901255	0.13639584643082	6954.16581411217
DRB1_102.scale(PC9)	0.0611814869541649	0.0507638207880808	1.20521832289917	0.228119030730903	6954.16581411217
DRB1_102.scale(PC10)	-0.0542651917387608	0.0493544455052991	-1.09949957259543	0.271550220305554	6954.16581411217
DRB1_102.scale(N_CNV)	-0.148062150841254	0.106392998370661	-1.39165314549575	0.164027457096636	6954.16581411217
DRB1_102.scale(LEN_CNV)	0.0987652550810044	0.060722476898092	1.6265024110719	0.103842820869381	6954.16581411217
DRB1_103.(Intercept)	-6.06920549118894	0.147829768149315	-41.055367719029	0	6943.53358363962
DRB1_103.as.numeric(gcounts)	-0.010942917185187	0.252440364451916	-0.0433485239531547	0.965423711029059	6943.53358363962
DRB1_103.scale(age)	-0.406543073440947	0.0438780972320415	-9.26528493911248	1.94557151420357e-20	6943.53358363962
DRB1_103.sex	-6.06588104203284	1.00084954134115	-6.06073219947178	1.35503279033996e-09	6943.53358363962
DRB1_103.Array	0.103313255168303	0.153394779173397	0.673512199861236	0.500621489957566	6943.53358363962
DRB1_103.scale(PC1)	0.0113097016655751	0.0466668643297837	0.242349723470858	0.808509188093037	6943.53358363962
DRB1_103.scale(PC2)	0.00339976964005309	0.0450603492070762	0.0754492519449716	0.939857273464811	6943.53358363962
DRB1_103.scale(PC3)	-0.0261141064370881	0.0460078629203002	-0.567600944263066	0.570305965832739	6943.53358363962
DRB1_103.scale(PC4)	-0.0877601856928618	0.0631796887975245	-1.38905694793958	0.164815433785364	6943.53358363962
DRB1_103.scale(PC5)	-0.0053940478523154	0.0636569452534176	-0.0847362032664583	0.932471113415583	6943.53358363962
DRB1_103.scale(PC6)	-0.0128707184062137	0.0455792585047984	-0.282381039719168	0.7776513517856	6943.53358363962
DRB1_103.scale(PC7)	-0.00157526984095555	0.0462994103294787	-0.0340235400352946	0.972858379332102	6943.53358363962
DRB1_103.scale(PC8)	-0.0703060705502627	0.0489986252380752	-1.43485802323348	0.151327559524125	6943.53358363962
DRB1_103.scale(PC9)	0.0630123813112403	0.0509397871574282	1.2369973419108	0.21608806944847	6943.53358363962
DRB1_103.scale(PC10)	-0.0566757598598079	0.0494104257460799	-1.14704050823331	0.251364879497483	6943.53358363962
DRB1_103.scale(N_CNV)	-0.1478380668818	0.106381729531692	-1.38969414703639	0.164621772899652	6943.53358363962
DRB1_103.scale(LEN_CNV)	0.0988813017157035	0.0607045905964109	1.62889331340865	0.103335605860019	6943.53358363962
DRB1_301.(Intercept)	-6.04822315503006	0.149824340368852	-40.3687621126176	0	6954.25838420701
DRB1_301.as.numeric(gcounts)	-0.0785277431176914	0.0909765738039996	-0.863164437109622	0.388047063593766	6954.25838420701
DRB1_301.scale(age)	-0.408875817529837	0.0438426998510967	-9.32597260019353	1.09970306385041e-20	6954.25838420701
DRB1_301.sex	-6.06806094161984	1.00084627664388	-6.06293002554577	1.33663828156125e-09	6954.25838420701
DRB1_301.Array	0.104806644346408	0.153380859995009	0.683309797257741	0.49441110465828	6954.25838420701
DRB1_301.scale(PC1)	0.0113956249537544	0.0466204606830715	0.244433984280474	0.806894724203802	6954.25838420701
DRB1_301.scale(PC2)	0.00501574472845083	0.0450281951883791	0.111391200723615	0.911306137442966	6954.25838420701
DRB1_301.scale(PC3)	-0.0231936329850083	0.0459636904341562	-0.504607718960984	0.613834387243362	6954.25838420701
DRB1_301.scale(PC4)	-0.0889054501303376	0.0631123727149038	-1.40868495836701	0.158928344572331	6954.25838420701
DRB1_301.scale(PC5)	-0.00303758270811973	0.0635702428680912	-0.0477830911299605	0.961889112485739	6954.25838420701
DRB1_301.scale(PC6)	-0.0135491682420422	0.0455480500802825	-0.297469775723891	0.766107879662994	6954.25838420701
DRB1_301.scale(PC7)	0.00139729015194151	0.046283696164116	0.030189683792472	0.975915775923932	6954.25838420701
DRB1_301.scale(PC8)	-0.0730866899130223	0.0489722648890588	-1.49240983807043	0.135591737513998	6954.25838420701
DRB1_301.scale(PC9)	0.0617651808206576	0.0507742071115258	1.21646765817515	0.22380682401709	6954.25838420701
DRB1_301.scale(PC10)	-0.0542429093104597	0.0493469126852885	-1.09921586495989	0.271673920296563	6954.25838420701
DRB1_301.scale(N_CNV)	-0.147597717371536	0.1063591152147	-1.38772983466053	0.165219327599204	6954.25838420701
DRB1_301.scale(LEN_CNV)	0.0985240073241276	0.0607101580901611	1.62285868499648	0.104619617202868	6954.25838420701
DRB1_401.(Intercept)	-6.0720310292708	0.149568041000972	-40.5971154575149	0	6752.25637602565
DRB1_401.as.numeric(gcounts)	0.123929992760781	0.0982030010933523	1.26197765222035	0.2069568279745	6752.25637602565
DRB1_401.scale(age)	-0.408227469796634	0.0445022930112677	-9.17317832798578	4.59273811156876e-20	6752.25637602565
DRB1_401.sex	-6.03906639167593	1.00089953501393	-6.033638922204	1.60308049843186e-09	6752.25637602565
DRB1_401.Array	0.0740004754431963	0.153626906091888	0.481689551171035	0.630026499822891	6752.25637602565
DRB1_401.scale(PC1)	0.00940244429586315	0.0473529847883641	0.198560752566828	0.842606357139541	6752.25637602565
DRB1_401.scale(PC2)	-8.25689880122387e-05	0.04571118874292	-0.00180631898410272	0.998558766754439	6752.25637602565
DRB1_401.scale(PC3)	-0.0221188627976662	0.0466359245151434	-0.474288073574779	0.635294495110541	6752.25637602565
DRB1_401.scale(PC4)	-0.102060212389796	0.0640428960697123	-1.5936226912459	0.111020569020606	6752.25637602565
DRB1_401.scale(PC5)	0.00460114831668485	0.0645328353358998	0.0712993361090585	0.943159523594734	6752.25637602565
DRB1_401.scale(PC6)	-0.00916459232308398	0.0462239812899869	-0.198264884748671	0.842837824209001	6752.25637602565
DRB1_401.scale(PC7)	0.00107973677700593	0.0469539528420772	0.0229956523711106	0.9816537409388	6752.25637602565
DRB1_401.scale(PC8)	-0.078710458542216	0.0496923068437092	-1.58395662310011	0.11320359050098	6752.25637602565
DRB1_401.scale(PC9)	0.0545855716833982	0.0509344174476897	1.07168343958107	0.283862241513113	6752.25637602565
DRB1_401.scale(PC10)	-0.0382612718121649	0.0500597888860307	-0.764311489592434	0.444681640046757	6752.25637602565
DRB1_401.scale(N_CNV)	-0.152403297801638	0.108113541548104	-1.40965965612945	0.158640202741717	6752.25637602565
DRB1_401.scale(LEN_CNV)	0.102406868010062	0.061031358532486	1.67793852983876	0.0933590997757054	6752.25637602565
DRB1_402.(Intercept)	-6.07396279562938	0.147677358000074	-41.1299530130161	0	6942.58880183275
DRB1_402.as.numeric(gcounts)	0.128945774785396	0.578254475144173	0.222991399683067	0.823542200051873	6942.58880183275
DRB1_402.scale(age)	-0.41100741021858	0.0438961786381215	-9.36317062145456	7.73790794997658e-21	6942.58880183275
DRB1_402.sex	-6.06605712814118	1.00084774986995	-6.06091898485999	1.3534599609933e-09	6942.58880183275
DRB1_402.Array	0.103701117506299	0.153395837024353	0.676036061459967	0.499017749722426	6942.58880183275
DRB1_402.scale(PC1)	0.0105314166200858	0.0466699755718938	0.225657213037588	0.821468038752947	6942.58880183275
DRB1_402.scale(PC2)	0.00422914689059761	0.0450615662523412	0.0938526385637535	0.925226216651335	6942.58880183275
DRB1_402.scale(PC3)	-0.0190457602570529	0.0460023374998363	-0.414017228083697	0.67886148979783	6942.58880183275
DRB1_402.scale(PC4)	-0.0923272817400693	0.0631340369535132	-1.46240104696697	0.143631342710703	6942.58880183275
DRB1_402.scale(PC5)	-0.000636706206258894	0.0635970472816393	-0.0100115686729801	0.992012057367223	6942.58880183275
DRB1_402.scale(PC6)	-0.0146412390568975	0.0455857611565589	-0.321180094078365	0.748073916291617	6942.58880183275
DRB1_402.scale(PC7)	0.00235409291862691	0.0463119040375732	0.0508312704378774	0.959459972871922	6942.58880183275
DRB1_402.scale(PC8)	-0.0749859916930124	0.0490284090678724	-1.52943962732312	0.126155494970454	6942.58880183275
DRB1_402.scale(PC9)	0.0618303550196751	0.050794188221369	1.21727223496926	0.223500654524957	6942.58880183275
DRB1_402.scale(PC10)	-0.0545929046206745	0.0493965926635642	-1.10519575697259	0.269074775017025	6942.58880183275
DRB1_402.scale(N_CNV)	-0.148931249768969	0.106727374273689	-1.39543627661123	0.16288431833076	6942.58880183275
DRB1_402.scale(LEN_CNV)	0.0992930907609069	0.0607055299248112	1.63565149474668	0.101912546496969	6942.58880183275
DRB1_404.(Intercept)	-6.05219078069999	0.148085110471951	-40.8696779940367	0	6877.21537699742
DRB1_404.as.numeric(gcounts)	-0.11243334165455	0.175018713019721	-0.64240754439716	0.520608602466826	6877.21537699742
DRB1_404.scale(age)	-0.407296422816591	0.0441090549067725	-9.23385059320452	2.6107386496748e-20	6877.21537699742
DRB1_404.sex	-6.0563045546691	1.00086643276666	-6.05106171652485	1.43894303859711e-09	6877.21537699742
DRB1_404.Array	0.0916010324631273	0.153477271363554	0.596837770500524	0.550615697873006	6877.21537699742
DRB1_404.scale(PC1)	0.0178199816362413	0.0468911924660542	0.380028331528179	0.703924384551701	6877.21537699742
DRB1_404.scale(PC2)	0.00924200360421638	0.0452795518429468	0.204109873619608	0.838267638724056	6877.21537699742
DRB1_404.scale(PC3)	-0.0272750653469257	0.0462242007052635	-0.590060291595696	0.555150229148485	6877.21537699742
DRB1_404.scale(PC4)	-0.0891941406535057	0.0634657470605193	-1.40539022676992	0.159905271330354	6877.21537699742
DRB1_404.scale(PC5)	0.00465410181124036	0.0637621645886595	0.0729915905657338	0.941812809417648	6877.21537699742
DRB1_404.scale(PC6)	-0.0126907879204951	0.0457989406017987	-0.277097848852789	0.781704973544469	6877.21537699742
DRB1_404.scale(PC7)	-0.00328030603105386	0.0465232265377402	-0.0705089967995414	0.943788539963614	6877.21537699742
DRB1_404.scale(PC8)	-0.067037303728189	0.0492140124026154	-1.36215887417922	0.173147751538145	6877.21537699742
DRB1_404.scale(PC9)	0.0657316947455847	0.0511917517416726	1.28402901852792	0.199131802143179	6877.21537699742
DRB1_404.scale(PC10)	-0.049788313365113	0.0496484366482783	-1.00281734383352	0.315948999027931	6877.21537699742
DRB1_404.scale(N_CNV)	-0.147083697816818	0.105795278796357	-1.39026712241041	0.164447777594639	6877.21537699742
DRB1_404.scale(LEN_CNV)	0.100682034229703	0.0602004864419342	1.67244552628017	0.0944365010941328	6877.21537699742
DRB1_405.(Intercept)	-6.06981845673322	0.147656994154981	-41.1075580365827	0	6954.90614335557
DRB1_405.as.numeric(gcounts)	-0.135601724328297	0.501022880232219	-0.27064976406955	0.786660417532652	6954.90614335557
DRB1_405.scale(age)	-0.408496293154315	0.0438443774494548	-9.31695959476772	1.19721791478652e-20	6954.90614335557
DRB1_405.sex	-6.06796983178956	1.00084653272886	-6.06283744146557	1.3374082212002e-09	6954.90614335557
DRB1_405.Array	0.105246815494741	0.153380487273016	0.686181256598841	0.492598815764946	6954.90614335557
DRB1_405.scale(PC1)	0.0115625677281993	0.0466225050411174	0.248003999742228	0.804131312117607	6954.90614335557
DRB1_405.scale(PC2)	0.00532957270765394	0.0450292435522789	0.118358033295991	0.905783976564934	6954.90614335557
DRB1_405.scale(PC3)	-0.0230486416342289	0.045959095749106	-0.501503375089299	0.616016903124582	6954.90614335557
DRB1_405.scale(PC4)	-0.0894671996499514	0.0631132707431716	-1.41756557054415	0.156317637978635	6954.90614335557
DRB1_405.scale(PC5)	-0.00362899747586191	0.0635574079952422	-0.0570979464130062	0.954467172281468	6954.90614335557
DRB1_405.scale(PC6)	-0.0135799440888773	0.0455398384389879	-0.298199215332551	0.765551120639328	6954.90614335557
DRB1_405.scale(PC7)	0.00125478765542345	0.0462696520133988	0.0271190208013686	0.978364803933743	6954.90614335557
DRB1_405.scale(PC8)	-0.0724882473380762	0.0489662679232975	-1.48037108835054	0.13877424128514	6954.90614335557
DRB1_405.scale(PC9)	0.0614894440694377	0.0507613194212317	1.21134447982293	0.225763408243847	6954.90614335557
DRB1_405.scale(PC10)	-0.054242950177155	0.0493501340047245	-1.09914494197649	0.271704849610805	6954.90614335557
DRB1_405.scale(N_CNV)	-0.148523945065002	0.106553723014162	-1.39388789864491	0.163351459154074	6954.90614335557
DRB1_405.scale(LEN_CNV)	0.0990559207815921	0.0607109733970458	1.63159829663367	0.102764137310569	6954.90614335557
DRB1_407.(Intercept)	-6.05618083702717	0.147727457393625	-40.995634419472	0	6795.46409510181
DRB1_407.as.numeric(gcounts)	0.234520138895324	0.710190074972837	0.33022165073807	0.741232488647448	6795.46409510181
DRB1_407.scale(age)	-0.413316402408035	0.0443741894430932	-9.31434258507605	1.22710091303872e-20	6795.46409510181
DRB1_407.sex	-6.04471505019149	1.00088600789254	-6.03936412590998	1.54722736152103e-09	6795.46409510181
DRB1_407.Array	0.0800972835552532	0.153577564030874	0.521542870279875	0.60198864929923	6795.46409510181
DRB1_407.scale(PC1)	-0.00367794528608161	0.0472691261176767	-0.0778086160705689	0.937980292597286	6795.46409510181
DRB1_407.scale(PC2)	0.0176633114409034	0.0455862538307103	0.387470124360253	0.698408198236713	6795.46409510181
DRB1_407.scale(PC3)	-0.0210518579432108	0.0465141549043675	-0.452590356344067	0.650843744233508	6795.46409510181
DRB1_407.scale(PC4)	-0.0911380512926681	0.064012701705978	-1.42374948820754	0.154519002412443	6795.46409510181
DRB1_407.scale(PC5)	-0.00420446517081252	0.0644053971766095	-0.0652812552228073	0.947950066670276	6795.46409510181
DRB1_407.scale(PC6)	-0.0212969439402499	0.046095412172279	-0.462018733245159	0.644067886538964	6795.46409510181
DRB1_407.scale(PC7)	0.00863459679722916	0.0469325435083257	0.183978880149494	0.854030023300631	6795.46409510181
DRB1_407.scale(PC8)	-0.0791598570944385	0.0496770265010657	-1.59349024428304	0.111050255147402	6795.46409510181
DRB1_407.scale(PC9)	0.0559863615694812	0.0508939469313358	1.10005933799978	0.271306268911659	6795.46409510181
DRB1_407.scale(PC10)	-0.0477103673441909	0.0498796667925314	-0.956509343629671	0.338814966050373	6795.46409510181
DRB1_407.scale(N_CNV)	-0.14188165887256	0.103829686373607	-1.36648451736656	0.171786937174563	6795.46409510181
DRB1_407.scale(LEN_CNV)	0.100454184382475	0.0604180240090548	1.66265259465322	0.0963819965762687	6795.46409510181
DRB1_701.(Intercept)	-6.10371650128809	0.150088206489186	-40.6675290754964	0	6940.13704482844
DRB1_701.as.numeric(gcounts)	0.106322488402048	0.0858721004227541	1.23814938587288	0.215660674824947	6940.13704482844
DRB1_701.scale(age)	-0.410734981128658	0.0438976810946717	-9.35664415263413	8.23094394953274e-21	6940.13704482844
DRB1_701.sex	-6.06564101626902	1.00084888117521	-6.06049637498388	1.35702109898818e-09	6940.13704482844
DRB1_701.Array	0.103340521352647	0.153397444682782	0.673678245203822	0.500515895669029	6940.13704482844
DRB1_701.scale(PC1)	0.0131711780373623	0.0466663955335281	0.282241169192064	0.777758592508583	6940.13704482844
DRB1_701.scale(PC2)	0.00313331033942769	0.0450542722669101	0.069545243586787	0.944555620631071	6940.13704482844
DRB1_701.scale(PC3)	-0.0225631310281355	0.0460055670533167	-0.490443493544742	0.623820105937028	6940.13704482844
DRB1_701.scale(PC4)	-0.0894803238113168	0.063167676586355	-1.41655239905793	0.156613833974293	6940.13704482844
DRB1_701.scale(PC5)	-0.0060131468567054	0.0636712288221441	-0.0944405655104005	0.924759193168183	6940.13704482844
DRB1_701.scale(PC6)	-0.0146367686963906	0.0455826254325153	-0.321104117139111	0.748131490366901	6940.13704482844
DRB1_701.scale(PC7)	0.00268579867628111	0.0463201272199917	0.0579834045689306	0.953761847519872	6940.13704482844
DRB1_701.scale(PC8)	-0.0726645813337442	0.0490284768955155	-1.48208930676349	0.138316533676244	6940.13704482844
DRB1_701.scale(PC9)	0.0590866877390705	0.0507202964250613	1.16495154610089	0.244038606712507	6940.13704482844
DRB1_701.scale(PC10)	-0.0539107557613002	0.0494004397375612	-1.09130113107697	0.275140400229285	6940.13704482844
DRB1_701.scale(N_CNV)	-0.147146483296315	0.105906104225419	-1.38940511854837	0.164709594704563	6940.13704482844
DRB1_701.scale(LEN_CNV)	0.0992834726428992	0.0605549121161846	1.63956100625507	0.101096476351552	6940.13704482844
DRB1_801.(Intercept)	-6.05930661952668	0.147786810227621	-41.0003207335903	0	6928.38203483412
DRB1_801.as.numeric(gcounts)	-0.370141782631738	0.290875357757597	-1.27250993513242	0.203191996365222	6928.38203483412
DRB1_801.scale(age)	-0.409272614111659	0.0439326847177677	-9.31590265290883	1.20919924661809e-20	6928.38203483412
DRB1_801.sex	-6.06343079573673	1.00085135808189	-6.0582730360252	1.37590709012275e-09	6928.38203483412
DRB1_801.Array	0.100145770506621	0.153412108328003	0.652789219821579	0.513892174361439	6928.38203483412
DRB1_801.scale(PC1)	0.0123154539730407	0.0467188407830452	0.26360786711793	0.792082095815397	6928.38203483412
DRB1_801.scale(PC2)	0.00242198138811881	0.0450983754936582	0.0537044042408886	0.957170673791217	6928.38203483412
DRB1_801.scale(PC3)	-0.0241514633792528	0.0460480379930997	-0.524484091653848	0.599941881709386	6928.38203483412
DRB1_801.scale(PC4)	-0.0867678517817133	0.0632144532630767	-1.37259514719863	0.169878241370689	6928.38203483412
DRB1_801.scale(PC5)	-0.00960226160068213	0.0637272170201723	-0.150677560541246	0.880230075206699	6928.38203483412
DRB1_801.scale(PC6)	-0.0122915072724093	0.0456140837674393	-0.269467371855517	0.787570047369057	6928.38203483412
DRB1_801.scale(PC7)	-0.00218986983672636	0.0463531515240919	-0.0472431704150294	0.96231942089869	6928.38203483412
DRB1_801.scale(PC8)	-0.0750109080631234	0.0490571099416592	-1.52905273368793	0.126251371530018	6928.38203483412
DRB1_801.scale(PC9)	0.0573030531629732	0.0508054215456554	1.12789248508604	0.259365327983291	6928.38203483412
DRB1_801.scale(PC10)	-0.0597843473461447	0.0494676584606285	-1.20855421919207	0.226834153697152	6928.38203483412
DRB1_801.scale(N_CNV)	-0.147549573045284	0.106142354382417	-1.39011023359894	0.16449540620865	6928.38203483412
DRB1_801.scale(LEN_CNV)	0.0994065010510423	0.0606946766320858	1.63781251613905	0.101460809836274	6928.38203483412
DRB1_803.(Intercept)	-6.07578088525189	0.147666398803227	-41.1453176517711	0	6955.65461377917
DRB1_803.as.numeric(gcounts)	0.508968688618406	0.501870345009373	1.01414377972243	0.310514150397584	6955.65461377917
DRB1_803.scale(age)	-0.408621479498767	0.0438435240888705	-9.31999623639957	1.16344428437632e-20	6955.65461377917
DRB1_803.sex	-6.06783067721849	1.00084511508384	-6.06270699209059	1.33849378661922e-09	6955.65461377917
DRB1_803.Array	0.105314120445041	0.153380423877506	0.686620350776629	0.492322000732701	6955.65461377917
DRB1_803.scale(PC1)	0.0117390523991319	0.0466250371579117	0.251775722116286	0.801214423866566	6955.65461377917
DRB1_803.scale(PC2)	0.00513125309523235	0.0450233201552068	0.113968785010604	0.909262538132465	6955.65461377917
DRB1_803.scale(PC3)	-0.0232284815030702	0.0459667722290397	-0.505332012161505	0.613325662224788	6955.65461377917
DRB1_803.scale(PC4)	-0.089639797705288	0.0631041953413227	-1.42050456741327	0.155460839837309	6955.65461377917
DRB1_803.scale(PC5)	-0.00378073153768436	0.0635464450491245	-0.0594955632020276	0.952557399271096	6955.65461377917
DRB1_803.scale(PC6)	-0.0134572176436145	0.0455435875367703	-0.295479964830387	0.767627255213423	6955.65461377917
DRB1_803.scale(PC7)	0.00113452417738267	0.0462647349788559	0.024522439778401	0.980435884740869	6955.65461377917
DRB1_803.scale(PC8)	-0.0728256249144439	0.0489576850785416	-1.48752182211254	0.136877044077932	6955.65461377917
DRB1_803.scale(PC9)	0.0613354747882284	0.0507546570692847	1.20846988887148	0.226866571230538	6955.65461377917
DRB1_803.scale(PC10)	-0.0541326414855763	0.0493467816253672	-1.09698423488978	0.272648283761006	6955.65461377917
DRB1_803.scale(N_CNV)	-0.149523387598057	0.106841837386627	-1.39948349125614	0.161668045486817	6955.65461377917
DRB1_803.scale(LEN_CNV)	0.0992823936605905	0.0607119748450557	1.63530166682884	0.101985824333968	6955.65461377917
DRB1_901.(Intercept)	-6.07027813101553	0.147773379706193	-41.0782926064534	0	6945.32257390705
DRB1_901.as.numeric(gcounts)	-0.0272467177400306	0.27949037210695	-0.0974871425252685	0.922339544372911	6945.32257390705
DRB1_901.scale(age)	-0.406805614822574	0.043885467042456	-9.26971141560415	1.86650238939423e-20	6945.32257390705
DRB1_901.sex	-6.06608509508171	1.00084805467763	-6.06094508225384	1.35324034920593e-09	6945.32257390705
DRB1_901.Array	0.103599767376132	0.153394333256699	0.675381972571063	0.499433115929501	6945.32257390705
DRB1_901.scale(PC1)	0.0104784159196491	0.046675482987484	0.224495072122958	0.822372100948175	6945.32257390705
DRB1_901.scale(PC2)	0.00475511076675696	0.0450605223826709	0.105527200203645	0.915957487840974	6945.32257390705
DRB1_901.scale(PC3)	-0.022822326706627	0.0460059596532378	-0.49607326699946	0.619842719475637	6945.32257390705
DRB1_901.scale(PC4)	-0.0873294192807399	0.0631865386594062	-1.38208898815412	0.166944379210341	6945.32257390705
DRB1_901.scale(PC5)	-0.00630787534133928	0.0636399828442448	-0.0991181181927318	0.921044486687646	6945.32257390705
DRB1_901.scale(PC6)	-0.0136913798298733	0.0455881752520506	-0.300327436976267	0.763927406947142	6945.32257390705
DRB1_901.scale(PC7)	0.000791533101145072	0.0463130835497687	0.0170909177380616	0.986364084450696	6945.32257390705
DRB1_901.scale(PC8)	-0.0708805858512189	0.0490090665467846	-1.44627496186967	0.148100095570508	6945.32257390705
DRB1_901.scale(PC9)	0.0580694260581001	0.0506740909184278	1.14593917731207	0.251820319431276	6945.32257390705
DRB1_901.scale(PC10)	-0.0539981943854251	0.0493900939045413	-1.09330009555743	0.274262060960189	6945.32257390705
DRB1_901.scale(N_CNV)	-0.146876969415389	0.105958472843097	-1.38617484259975	0.165693521382938	6945.32257390705
DRB1_901.scale(LEN_CNV)	0.0989158933938594	0.0606796089190301	1.63013399651028	0.103073179955681	6945.32257390705
DRB1_1001.(Intercept)	-6.06956587596527	0.147678650125213	-41.0998195800072	0	6943.90382364914
DRB1_1001.as.numeric(gcounts)	-0.375913363844166	0.501354796387193	-0.749795088334709	0.453378127382065	6943.90382364914
DRB1_1001.scale(age)	-0.409442295757745	0.0438933027110031	-9.328126854649	1.07758391869725e-20	6943.90382364914
DRB1_1001.sex	-6.06577005909153	1.00084705740667	-6.06063635218029	1.35584056550896e-09	6943.90382364914
DRB1_1001.Array	0.103242506609672	0.15339531215405	0.67304864249038	0.500916345495507	6943.90382364914
DRB1_1001.scale(PC1)	0.0132969149118155	0.0466622519169383	0.284960848770969	0.775674137010185	6943.90382364914
DRB1_1001.scale(PC2)	0.00611540163290169	0.0450620824301723	0.135710586442117	0.892050078382784	6943.90382364914
DRB1_1001.scale(PC3)	-0.02207795070911	0.0460072178086636	-0.479880152738829	0.631312614683074	6943.90382364914
DRB1_1001.scale(PC4)	-0.0903621274924119	0.0631292566869372	-1.43138272545366	0.152320556501756	6943.90382364914
DRB1_1001.scale(PC5)	-0.00171839461236024	0.0635795857741142	-0.0270274584434281	0.97843783335673	6943.90382364914
DRB1_1001.scale(PC6)	-0.0124108995118589	0.0455795358806474	-0.272291046235257	0.785398240293041	6943.90382364914
DRB1_1001.scale(PC7)	-0.000952497271690629	0.0462985799003299	-0.0205729262915004	0.983586337583878	6943.90382364914
DRB1_1001.scale(PC8)	-0.0736749498292364	0.0490008821033975	-1.50354333772551	0.132698990156514	6943.90382364914
DRB1_1001.scale(PC9)	0.0611879250808488	0.0508195078163101	1.20402435423058	0.22858016554673	6943.90382364914
DRB1_1001.scale(PC10)	-0.0556373885954745	0.0493973507355416	-1.12632333044215	0.260028686018369	6943.90382364914
DRB1_1001.scale(N_CNV)	-0.147627811986248	0.106165185437924	-1.39054824213129	0.164362460697934	6943.90382364914
DRB1_1001.scale(LEN_CNV)	0.0990647538364959	0.0606222244714458	1.63413260896022	0.102231009117569	6943.90382364914
DRB1_1101.(Intercept)	-6.05663526240307	0.149559206165593	-40.4965726796992	0	6720.86644166782
DRB1_1101.as.numeric(gcounts)	-0.152158677494717	0.216407446756199	-0.703112022139128	0.481985940590383	6720.86644166782
DRB1_1101.scale(age)	-0.403489041860496	0.0446347766746408	-9.03979076229449	1.56971989825987e-19	6720.86644166782
DRB1_1101.sex	-6.03221588550225	1.00090670343638	-6.02675140928921	1.6728800484081e-09	6720.86644166782
DRB1_1101.Array	0.0907422200449639	0.155156921636218	0.584841585460937	0.558654239424978	6720.86644166782
DRB1_1101.scale(PC1)	0.0140520010092757	0.0474995872807739	0.295834170646857	0.767356725959947	6720.86644166782
DRB1_1101.scale(PC2)	0.00161805446808411	0.0458357727664026	0.0353011277093629	0.971839624110681	6720.86644166782
DRB1_1101.scale(PC3)	-0.0176049393245627	0.0467801309376337	-0.376333690643859	0.706668835624295	6720.86644166782
DRB1_1101.scale(PC4)	-0.0926026751610615	0.0642960337972054	-1.44025486009195	0.149795307299541	6720.86644166782
DRB1_1101.scale(PC5)	0.00339704500800608	0.064584018798936	0.052598848309236	0.958051534618265	6720.86644166782
DRB1_1101.scale(PC6)	-0.0366381928239304	0.046391048827828	-0.789768581432734	0.429662930873534	6720.86644166782
DRB1_1101.scale(PC7)	0.00692501057231373	0.0471488050782824	0.146875632602268	0.883230185675731	6720.86644166782
DRB1_1101.scale(PC8)	-0.0630630126159309	0.0499244327269673	-1.26316933756298	0.206528329745081	6720.86644166782
DRB1_1101.scale(PC9)	0.0674326713990026	0.0515891451456044	1.30710968768104	0.191175461574383	6720.86644166782
DRB1_1101.scale(PC10)	-0.0434530869396687	0.0502289062959574	-0.865101196582613	0.386983248015827	6720.86644166782
DRB1_1101.scale(N_CNV)	-0.163748486517169	0.113972522821438	-1.43673652616881	0.150792872099017	6720.86644166782
DRB1_1101.scale(LEN_CNV)	0.100736245884066	0.0619477873537084	1.62614760247826	0.10391825958503	6720.86644166782
DRB1_1102.(Intercept)	-6.07057749804798	0.147623490530241	-41.1220292667746	0	6944.5301093847
DRB1_1102.as.numeric(gcounts)	-0.650158507264689	1.00150334691948	-0.64918256066194	0.516220382479617	6944.5301093847
DRB1_1102.scale(age)	-0.407302913597273	0.0438833108021673	-9.28149918846044	1.67110434624083e-20	6944.5301093847
DRB1_1102.sex	-6.06609499771327	1.00084752995474	-6.06095815412325	1.35313036137048e-09	6944.5301093847
DRB1_1102.Array	0.103939526895114	0.153394943071555	0.677594220603668	0.498029011514929	6944.5301093847
DRB1_1102.scale(PC1)	0.010532356483511	0.0466709564549932	0.225672608481203	0.821456063791571	6944.5301093847
DRB1_1102.scale(PC2)	0.010752509331582	0.0450755125717474	0.23854436074281	0.811458913267845	6944.5301093847
DRB1_1102.scale(PC3)	-0.0210123024101049	0.0460059711296566	-0.456729896014733	0.647865199738267	6944.5301093847
DRB1_1102.scale(PC4)	-0.0942755227653667	0.0631245464896227	-1.49348435763994	0.135310445840054	6944.5301093847
DRB1_1102.scale(PC5)	0.000873487828300995	0.0635707520029443	0.0137404042075912	0.989037088588576	6944.5301093847
DRB1_1102.scale(PC6)	-0.0143868512280903	0.0455896548772943	-0.315572716372013	0.752326849368208	6944.5301093847
DRB1_1102.scale(PC7)	-0.00365913061926112	0.0462942312714797	-0.0790407469518861	0.937000213046698	6944.5301093847
DRB1_1102.scale(PC8)	-0.0728342017671209	0.0490049689604474	-1.48626156310611	0.137209949294385	6944.5301093847
DRB1_1102.scale(PC9)	0.0604365599091855	0.0507558981086361	1.19072979025668	0.233759679097068	6944.5301093847
DRB1_1102.scale(PC10)	-0.0526918104613961	0.0493937227793113	-1.06677139313472	0.286075079400962	6944.5301093847
DRB1_1102.scale(N_CNV)	-0.148007917634129	0.106367838873312	-1.39147245259361	0.164082207462647	6944.5301093847
DRB1_1102.scale(LEN_CNV)	0.0990500954628324	0.060645117772502	1.63327402272346	0.102411377722527	6944.5301093847
DRB1_1103.(Intercept)	-6.09385683474426	0.149222607923616	-40.8373564806185	0	6905.72310778525
DRB1_1103.as.numeric(gcounts)	0.618584810722683	0.503721098354086	1.22803037781009	0.219435564591076	6905.72310778525
DRB1_1103.scale(age)	-0.405769932769102	0.0440137469272422	-9.21916358177521	2.99426699387657e-20	6905.72310778525
DRB1_1103.sex	-6.05986948558843	1.00085621190489	-6.05468539187554	1.40692358471974e-09	6905.72310778525
DRB1_1103.Array	0.120574773333996	0.154927509161222	0.778265744971879	0.436412365353802	6905.72310778525
DRB1_1103.scale(PC1)	0.011417365656884	0.0468097056922374	0.2439102209262	0.807300353061166	6905.72310778525
DRB1_1103.scale(PC2)	0.00590254680743783	0.0451957143741962	0.130599701524085	0.896091978854254	6905.72310778525
DRB1_1103.scale(PC3)	-0.0251738769497646	0.0461471997377725	-0.545512557485893	0.585401046273991	6905.72310778525
DRB1_1103.scale(PC4)	-0.094356380483469	0.063328682788823	-1.48994699286754	0.13623817401281	6905.72310778525
DRB1_1103.scale(PC5)	0.0083194299914086	0.0637005900787789	0.130602086748646	0.89609009188188	6905.72310778525
DRB1_1103.scale(PC6)	-0.0101587418237733	0.0457287561837068	-0.222152157013903	0.824195436671908	6905.72310778525
DRB1_1103.scale(PC7)	0.0106594840889247	0.0465007711633164	0.22923241533968	0.818688279475485	6905.72310778525
DRB1_1103.scale(PC8)	-0.0785269422821702	0.0492345657171924	-1.59495551830874	0.110722183165983	6905.72310778525
DRB1_1103.scale(PC9)	0.0632069316859838	0.0508999883917918	1.24178676033208	0.214315248878826	6905.72310778525
DRB1_1103.scale(PC10)	-0.0591071513481353	0.0495645769941621	-1.19252811045068	0.23305423522611	6905.72310778525
DRB1_1103.scale(N_CNV)	-0.148601728076897	0.106700981777976	-1.39269316552409	0.163712596216112	6905.72310778525
DRB1_1103.scale(LEN_CNV)	0.0993687282391838	0.0606761428243073	1.63769026200156	0.101486323032426	6905.72310778525
DRB1_1104.(Intercept)	-6.08559698670205	0.149327905268805	-40.7532468613108	0	6877.93151053295
DRB1_1104.as.numeric(gcounts)	-0.00817433145651284	0.335606371283093	-0.0243569018825854	0.98056792543234	6877.93151053295
DRB1_1104.scale(age)	-0.409802244245601	0.0440977102670886	-9.29305040473832	1.49928586152727e-20	6877.93151053295
DRB1_1104.sex	-6.05544261291266	1.00086479510788	-6.05021042053934	1.44656765292192e-09	6877.93151053295
DRB1_1104.Array	0.115535312003361	0.154959636309722	0.745583267712615	0.45591919362587	6877.93151053295
DRB1_1104.scale(PC1)	0.0162952410020575	0.046889534891576	0.347524048590745	0.728197654835359	6877.93151053295
DRB1_1104.scale(PC2)	0.00217875282142026	0.045290540962747	0.0481061337556634	0.961631657837121	6877.93151053295
DRB1_1104.scale(PC3)	-0.0280718833612111	0.0462461811876733	-0.607009760379816	0.543844434783809	6877.93151053295
DRB1_1104.scale(PC4)	-0.087340875911091	0.063512078626886	-1.37518528442742	0.16907400930191	6877.93151053295
DRB1_1104.scale(PC5)	-0.0114534423227576	0.0640156841752377	-0.17891619015435	0.858003510004503	6877.93151053295
DRB1_1104.scale(PC6)	-0.0176083962195752	0.0457975118234545	-0.384483687398871	0.700619984095869	6877.93151053295
DRB1_1104.scale(PC7)	0.00161380262738483	0.0465185256034897	0.0346916117062784	0.972325649791459	6877.93151053295
DRB1_1104.scale(PC8)	-0.0648015213423526	0.0492412573915343	-1.31600054050394	0.188173861255111	6877.93151053295
DRB1_1104.scale(PC9)	0.0611582610815409	0.0511112323889048	1.19657183407726	0.23147348418377	6877.93151053295
DRB1_1104.scale(PC10)	-0.05384548182945	0.0496444791308859	-1.08462174993292	0.278089217842419	6877.93151053295
DRB1_1104.scale(N_CNV)	-0.145447416216898	0.104996821533611	-1.38525542099709	0.165974379675751	6877.93151053295
DRB1_1104.scale(LEN_CNV)	0.100082432797394	0.0602220975847513	1.6618888549431	0.0965350617413841	6877.93151053295
DRB1_1201.(Intercept)	-6.07476024144218	0.147849603760823	-41.0874299755944	0	6953.92332443834
DRB1_1201.as.numeric(gcounts)	0.125942182358718	0.252892800591665	0.498006198927232	0.618479672978671	6953.92332443834
DRB1_1201.scale(age)	-0.408650040467761	0.0438510379211016	-9.31905058217822	1.17385959735251e-20	6953.92332443834
DRB1_1201.sex	-6.06772806464879	1.00084744228858	-6.06259036919162	1.33946501887869e-09	6953.92332443834
DRB1_1201.Array	0.106145310641677	0.15338126776591	0.69203568459009	0.48891491952921	6953.92332443834
DRB1_1201.scale(PC1)	0.0115382596348947	0.0466259955712041	0.247464091512517	0.804549078230508	6953.92332443834
DRB1_1201.scale(PC2)	0.00516872871710889	0.0450189273466802	0.114812347200228	0.908593862127959	6953.92332443834
DRB1_1201.scale(PC3)	-0.023007632419542	0.0459573559067386	-0.500630028982334	0.616631524628698	6953.92332443834
DRB1_1201.scale(PC4)	-0.0896849111087405	0.063112274490763	-1.42103753718885	0.155305847111707	6953.92332443834
DRB1_1201.scale(PC5)	-0.00358690505077002	0.0635552495689589	-0.056437588949724	0.954993213009236	6953.92332443834
DRB1_1201.scale(PC6)	-0.0133523518009414	0.0455437038723276	-0.293176677908586	0.769387109588619	6953.92332443834
DRB1_1201.scale(PC7)	0.000974739998724613	0.0462662999304227	0.0210680344049658	0.983191384082198	6953.92332443834
DRB1_1201.scale(PC8)	-0.0731291525282329	0.0489684147803975	-1.49339432073074	0.135333998712997	6953.92332443834
DRB1_1201.scale(PC9)	0.0615313710809523	0.0507506617495428	1.21242500018252	0.225349735835197	6953.92332443834
DRB1_1201.scale(PC10)	-0.0538804777984027	0.0493535289117164	-1.09172492801445	0.274954024866161	6953.92332443834
DRB1_1201.scale(N_CNV)	-0.148279517630973	0.106562686710577	-1.39147690629928	0.164080857814076	6953.92332443834
DRB1_1201.scale(LEN_CNV)	0.0986888699876461	0.0607706061928079	1.62395730716482	0.104384920496789	6953.92332443834
DRB1_1301.(Intercept)	-6.06466199753638	0.148298474461738	-40.8949722480193	0	6942.98571611686
DRB1_1301.as.numeric(gcounts)	-0.0370524205095703	0.146726291706446	-0.252527478740489	0.800633377217833	6942.98571611686
DRB1_1301.scale(age)	-0.407256110269864	0.0438834219365584	-9.28040914536309	1.68829003231426e-20	6942.98571611686
DRB1_1301.sex	-6.06612405564736	1.00084984480374	-6.06097316909402	1.35300403486556e-09	6942.98571611686
DRB1_1301.Array	0.102366864113123	0.153395860632166	0.667337851825044	0.504556353530016	6942.98571611686
DRB1_1301.scale(PC1)	0.0105477313584397	0.0466784863038154	0.225965582726652	0.821228189022942	6942.98571611686
DRB1_1301.scale(PC2)	0.00326191218265983	0.045063740241798	0.0723844085101996	0.942295992450693	6942.98571611686
DRB1_1301.scale(PC3)	-0.0232241102567765	0.0460074497374419	-0.504790210918303	0.613706192027467	6942.98571611686
DRB1_1301.scale(PC4)	-0.0901095209112315	0.0631780472407684	-1.42627898212537	0.153787828994	6942.98571611686
DRB1_1301.scale(PC5)	-0.0041807694555588	0.0636153750134768	-0.0657194814095353	0.947601162020381	6942.98571611686
DRB1_1301.scale(PC6)	-0.0117158360033816	0.0455790063116543	-0.25704456835396	0.797144368052551	6942.98571611686
DRB1_1301.scale(PC7)	0.00134999061288269	0.0463087637638653	0.0291519466977455	0.976743405907635	6942.98571611686
DRB1_1301.scale(PC8)	-0.0688782642803517	0.0490017695816495	-1.40562810013591	0.159834587340049	6942.98571611686
DRB1_1301.scale(PC9)	0.0625045916737833	0.0508662640047546	1.22880248622035	0.219145869151507	6942.98571611686
DRB1_1301.scale(PC10)	-0.0535099183943968	0.0494006333398886	-1.08318284152827	0.27872727420489	6942.98571611686
DRB1_1301.scale(N_CNV)	-0.148158058069424	0.106310737699664	-1.3936321135122	0.163428725843697	6942.98571611686
DRB1_1301.scale(LEN_CNV)	0.099180213788562	0.0606412509051535	1.63552387703357	0.101939273496909	6942.98571611686
DRB1_1302.(Intercept)	-6.07670718034465	0.148167342712147	-41.0124597574123	0	6955.60118591852
DRB1_1302.as.numeric(gcounts)	0.063151796695909	0.16015880641023	0.394307363493658	0.693354127491335	6955.60118591852
DRB1_1302.scale(age)	-0.408618488039138	0.043849464625187	-9.31866538239165	1.17812851722424e-20	6955.60118591852
DRB1_1302.sex	-6.06800593805953	1.00084582055823	-6.06287783134772	1.33707228124514e-09	6955.60118591852
DRB1_1302.Array	0.105246471738207	0.15337933268636	0.686184180716332	0.492596972058334	6955.60118591852
DRB1_1302.scale(PC1)	0.0114636407976295	0.0466272465326091	0.24585712539582	0.805792834213765	6955.60118591852
DRB1_1302.scale(PC2)	0.00530272276628609	0.0450216213502478	0.11778169260128	0.906240635754658	6955.60118591852
DRB1_1302.scale(PC3)	-0.0229623680933796	0.045960448481715	-0.499611488832948	0.617348666639304	6955.60118591852
DRB1_1302.scale(PC4)	-0.0895065633632224	0.063116450340734	-1.41811782633563	0.156156367580364	6955.60118591852
DRB1_1302.scale(PC5)	-0.00371373682818329	0.0635579689059656	-0.0584307033737623	0.953405558787915	6955.60118591852
DRB1_1302.scale(PC6)	-0.0135306074645882	0.0455394409754023	-0.29711843568516	0.766376089936592	6955.60118591852
DRB1_1302.scale(PC7)	0.000892565610768066	0.0462749336348258	0.0192883174681927	0.984611103506281	6955.60118591852
DRB1_1302.scale(PC8)	-0.0729698470504378	0.0489688252511497	-1.49012860072082	0.136190425303269	6955.60118591852
DRB1_1302.scale(PC9)	0.0613673971945859	0.050756308377745	1.20905950720194	0.226639984443679	6955.60118591852
DRB1_1302.scale(PC10)	-0.0542918311973654	0.0493460981115207	-1.10022541345959	0.271233920443053	6955.60118591852
DRB1_1302.scale(N_CNV)	-0.148264504750524	0.106487030927643	-1.39232452495805	0.163824148155235	6955.60118591852
DRB1_1302.scale(LEN_CNV)	0.0989516528042015	0.0607193700189565	1.62965545876561	0.103174336103458	6955.60118591852
DRB1_1303.(Intercept)	-6.07982800940796	0.147743619093395	-41.1512053563858	0	6954.91147326827
DRB1_1303.as.numeric(gcounts)	0.38754347269348	0.291161099008858	1.33102764762435	0.183179913887139	6954.91147326827
DRB1_1303.scale(age)	-0.40882891996463	0.0438464857673285	-9.32409776541913	1.11931823001966e-20	6954.91147326827
DRB1_1303.sex	-6.06819922624863	1.00084500138473	-6.06307591870161	1.33542589441825e-09	6954.91147326827
DRB1_1303.Array	0.104888333579424	0.153382539388509	0.683834900618954	0.49407942547549	6954.91147326827
DRB1_1303.scale(PC1)	0.0114403960210521	0.0466242560078139	0.245374339466882	0.806166595917411	6954.91147326827
DRB1_1303.scale(PC2)	0.00497056471736931	0.0450223276422329	0.110402215471123	0.912090396179618	6954.91147326827
DRB1_1303.scale(PC3)	-0.0230318724543146	0.0459609752503657	-0.501118009982422	0.616288072506715	6954.91147326827
DRB1_1303.scale(PC4)	-0.08909121109573	0.0631014101428896	-1.41187353648655	0.157987201045066	6954.91147326827
DRB1_1303.scale(PC5)	-0.00454051981680262	0.0635490535533856	-0.071449054909815	0.943040369164883	6954.91147326827
DRB1_1303.scale(PC6)	-0.0137022982383563	0.0455455427449959	-0.300848280919031	0.763530190011257	6954.91147326827
DRB1_1303.scale(PC7)	0.00100844982483641	0.0462627508099844	0.0217983108911623	0.9826088415815	6954.91147326827
DRB1_1303.scale(PC8)	-0.0729440212013654	0.0489728590351938	-1.48947851194363	0.13636140764466	6954.91147326827
DRB1_1303.scale(PC9)	0.0611884816866985	0.0507396903802061	1.20592934699043	0.227844733902872	6954.91147326827
DRB1_1303.scale(PC10)	-0.0542758815068313	0.0493406699463243	-1.10002319720984	0.271322014896385	6954.91147326827
DRB1_1303.scale(N_CNV)	-0.148227745192313	0.106611157537686	-1.39035865115634	0.164419995915707	6954.91147326827
DRB1_1303.scale(LEN_CNV)	0.0989275644226247	0.0607585342455801	1.6282085414169	0.10348067428712	6954.91147326827
DRB1_1401.(Intercept)	-6.06508930801047	0.147838596073864	-41.0250737566541	0	6951.55660793998
DRB1_1401.as.numeric(gcounts)	-0.0988189532812916	0.244770229429917	-0.403721292051923	0.686417680518424	6951.55660793998
DRB1_1401.scale(age)	-0.408483364041399	0.0438473240185672	-9.31603862229828	1.20765129794629e-20	6951.55660793998
DRB1_1401.sex	-6.06797332818642	1.00084940225035	-6.06282355221768	1.33752376303566e-09	6951.55660793998
DRB1_1401.Array	0.106068342440698	0.153380049577469	0.691539367296429	0.489226650043598	6951.55660793998
DRB1_1401.scale(PC1)	0.011719880646687	0.0466275781909698	0.251350833592228	0.801542876762776	6951.55660793998
DRB1_1401.scale(PC2)	0.0051420927981882	0.0450265940213432	0.114201238400373	0.909078270231721	6951.55660793998
DRB1_1401.scale(PC3)	-0.0228705116406989	0.0459611259137796	-0.497605556565404	0.6187620865213	6951.55660793998
DRB1_1401.scale(PC4)	-0.0899678234490818	0.0631230376889596	-1.42527715304831	0.154077101689671	6951.55660793998
DRB1_1401.scale(PC5)	-0.00420676913468434	0.0635645643834616	-0.0661810424642645	0.947233689602866	6951.55660793998
DRB1_1401.scale(PC6)	-0.0132471292586486	0.0455400022399569	-0.29088995623776	0.771135483086551	6951.55660793998
DRB1_1401.scale(PC7)	0.000815878607015563	0.0462609249019176	0.0176364525513787	0.985928876263215	6951.55660793998
DRB1_1401.scale(PC8)	-0.0721355444243523	0.0489707564046797	-1.47303308587365	0.140742114617022	6951.55660793998
DRB1_1401.scale(PC9)	0.0609501860987993	0.0507489664862994	1.20101334704528	0.229746023968766	6951.55660793998
DRB1_1401.scale(PC10)	-0.0547162922156386	0.0493516568303781	-1.10870223473345	0.267558657548883	6951.55660793998
DRB1_1401.scale(N_CNV)	-0.14859825776212	0.106564979199572	-1.39443801217124	0.1631853760725	6951.55660793998
DRB1_1401.scale(LEN_CNV)	0.0989518333563714	0.0606681586146971	1.63103406491721	0.102883131830432	6951.55660793998
DRB1_1501.(Intercept)	-6.06500635624071	0.149784334632986	-40.491593270429	0	6942.60191072121
DRB1_1501.as.numeric(gcounts)	-0.00805623573944341	0.090106401739904	-0.0894080285516014	0.928757643165459	6942.60191072121
DRB1_1501.scale(age)	-0.404965711937816	0.0438770143840779	-9.22956398976797	2.71735745563762e-20	6942.60191072121
DRB1_1501.sex	-6.06611110334731	1.00085097957084	-6.06095335586168	1.35317073334442e-09	6942.60191072121
DRB1_1501.Array	0.103678795099954	0.153394238482917	0.675897583412175	0.49910567214709	6942.60191072121
DRB1_1501.scale(PC1)	0.0108980377270061	0.0466647569972563	0.23353893662506	0.815342938238913	6942.60191072121
DRB1_1501.scale(PC2)	0.0047646934558819	0.045075480080313	0.105704774467015	0.91581659210097	6942.60191072121
DRB1_1501.scale(PC3)	-0.022724605774618	0.0459972049062018	-0.494043188514572	0.621275678634651	6942.60191072121
DRB1_1501.scale(PC4)	-0.0890622108199249	0.0631570723958894	-1.41017003229113	0.158489482298742	6942.60191072121
DRB1_1501.scale(PC5)	-0.00132804925030144	0.0635938156565404	-0.0208833081737698	0.983338741869119	6942.60191072121
DRB1_1501.scale(PC6)	-0.0143787308698756	0.045594354849015	-0.315362086326049	0.752486749918762	6942.60191072121
DRB1_1501.scale(PC7)	-0.00150386245638532	0.0463139994979616	-0.0324710124948615	0.974096432512972	6942.60191072121
DRB1_1501.scale(PC8)	-0.0744448335938672	0.0490149153656774	-1.51881999669833	0.128807811064823	6942.60191072121
DRB1_1501.scale(PC9)	0.0599237702258001	0.0506920238935245	1.18211437664565	0.237160320654804	6942.60191072121
DRB1_1501.scale(PC10)	-0.0531072966122679	0.0493928259530427	-1.07520263494858	0.282284015999082	6942.60191072121
DRB1_1501.scale(N_CNV)	-0.148453832123498	0.106491821927354	-1.394039743491	0.163305603416392	6942.60191072121
DRB1_1501.scale(LEN_CNV)	0.0997993798748227	0.0606182884762173	1.64635759905985	0.0996901572685237	6942.60191072121
DRB1_1502.(Intercept)	-6.06920544464533	0.147635355537898	-41.109430884849	0	6955.08235621882
DRB1_1502.as.numeric(gcounts)	-0.753131524572452	0.708767052605158	-1.0625938688942	0.287966168632751	6955.08235621882
DRB1_1502.scale(age)	-0.408667654284544	0.0438477635228488	-9.32014820029738	1.16177911772133e-20	6955.08235621882
DRB1_1502.sex	-6.06764597462003	1.00084496183855	-6.06252337372391	1.34002326589844e-09	6955.08235621882
DRB1_1502.Array	0.106295459437488	0.153379885182657	0.69302085674991	0.488296462736679	6955.08235621882
DRB1_1502.scale(PC1)	0.0116445363000211	0.0466280620697138	0.249732366801163	0.802794326005833	6955.08235621882
DRB1_1502.scale(PC2)	0.00500180138590986	0.0450306942734194	0.111075377953085	0.911556573449367	6955.08235621882
DRB1_1502.scale(PC3)	-0.0228687351923456	0.0459600308275521	-0.497578760948877	0.618780976810306	6955.08235621882
DRB1_1502.scale(PC4)	-0.0898967580913063	0.0631018951357095	-1.42462849805019	0.154264617726839	6955.08235621882
DRB1_1502.scale(PC5)	-0.00342580989245829	0.0635412690781142	-0.0539147225442851	0.957003106832558	6955.08235621882
DRB1_1502.scale(PC6)	-0.0137588322953885	0.0455384776105901	-0.302136413365494	0.762548074923012	6955.08235621882
DRB1_1502.scale(PC7)	0.000796447374071843	0.0462702092170967	0.0172129624557124	0.986266721177473	6955.08235621882
DRB1_1502.scale(PC8)	-0.0729559211654065	0.0489822056887798	-1.48943723826872	0.136372268783254	6955.08235621882
DRB1_1502.scale(PC9)	0.0621679971791504	0.050767975244422	1.2245514397579	0.220744273773798	6955.08235621882
DRB1_1502.scale(PC10)	-0.0544370681330604	0.0493514734558171	-1.1030484871297	0.270006109357849	6955.08235621882
DRB1_1502.scale(N_CNV)	-0.148004259084605	0.106505124492366	-1.38964448696752	0.164636859687881	6955.08235621882
DRB1_1502.scale(LEN_CNV)	0.0988584806655738	0.0607088574763191	1.6284029180443	0.103439479301915	6955.08235621882
DRB1_1601.(Intercept)	-6.06595461510194	0.147667895983152	-41.0783574501125	0	6924.66200839916
DRB1_1601.as.numeric(gcounts)	-1.63240359368554	1.00081556505793	-1.6310733472566	0.102874843773209	6924.66200839916
DRB1_1601.scale(age)	-0.414497445837639	0.0439500677726954	-9.43109912779592	4.05813905152889e-21	6924.66200839916
DRB1_1601.sex	-6.06324001724124	1.00084892185823	-6.05809716613763	1.37741189063342e-09	6924.66200839916
DRB1_1601.Array	0.100947852391903	0.153412944582023	0.658013915754881	0.510529189293742	6924.66200839916
DRB1_1601.scale(PC1)	0.0121149586426214	0.0467104980560887	0.259362651797762	0.795355443503484	6924.66200839916
DRB1_1601.scale(PC2)	0.00523217315032727	0.0451048561908758	0.11600021798508	0.907652369035471	6924.66200839916
DRB1_1601.scale(PC3)	-0.0228462171841494	0.046046718046954	-0.496152997502516	0.619786469997519	6924.66200839916
DRB1_1601.scale(PC4)	-0.0874711849723867	0.0632506510964775	-1.38292940003045	0.166686514533506	6924.66200839916
DRB1_1601.scale(PC5)	-0.00681590433454395	0.0636900828308362	-0.107016729003906	0.91477570814495	6924.66200839916
DRB1_1601.scale(PC6)	-0.0112339761865712	0.04562984685232	-0.246197981398662	0.805528978088816	6924.66200839916
DRB1_1601.scale(PC7)	0.000762987101276961	0.046375785051547	0.0164522735394968	0.986873577126195	6924.66200839916
DRB1_1601.scale(PC8)	-0.076188239216468	0.0490944681739686	-1.5518701403688	0.120693298853243	6924.66200839916
DRB1_1601.scale(PC9)	0.0578051133041741	0.0506857793886042	1.14046018432481	0.254094631453255	6924.66200839916
DRB1_1601.scale(PC10)	-0.0561696993263777	0.04944115293668	-1.13609202031181	0.255918054311911	6924.66200839916
DRB1_1601.scale(N_CNV)	-0.151865480205391	0.107381969040014	-1.41425494022001	0.157287061959622	6924.66200839916
DRB1_1601.scale(LEN_CNV)	0.100769484528147	0.0605902061182683	1.66313156835036	0.0962861020108775	6924.66200839916
DQB1_201.(Intercept)	-6.0452825832824	0.149852647692893	-40.3415133222842	0	6915.8403982812
DQB1_201.as.numeric(gcounts)	-0.0855747830968383	0.0913203337412172	-0.937083556213663	0.348715579219727	6915.8403982812
DQB1_201.scale(age)	-0.41238774566141	0.0439807785925381	-9.37654491026625	6.81700078885694e-21	6915.8403982812
DQB1_201.sex	-6.06227539206307	1.00085410758341	-6.05710197533243	1.38595733981195e-09	6915.8403982812
DQB1_201.Array	0.0992572074135656	0.153427475796868	0.646932414797584	0.517675685752692	6915.8403982812
DQB1_201.scale(PC1)	0.0119036865329473	0.0467632559806014	0.254552132509448	0.79906903413786	6915.8403982812
DQB1_201.scale(PC2)	0.00724903083263688	0.0451609198137825	0.160515571040796	0.872474956743729	6915.8403982812
DQB1_201.scale(PC3)	-0.0210599279840965	0.0461009201422524	-0.45682229159662	0.647798781903948	6915.8403982812
DQB1_201.scale(PC4)	-0.0831042039631447	0.0633507447165141	-1.31181100293335	0.189583911520427	6915.8403982812
DQB1_201.scale(PC5)	-0.00381639425739865	0.0637676505043915	-0.0598484376829255	0.952276346996148	6915.8403982812
DQB1_201.scale(PC6)	-0.00972695437735592	0.0456730001634821	-0.212969464290483	0.831350780268172	6915.8403982812
DQB1_201.scale(PC7)	0.00541642794823576	0.0464476132007811	0.116613698207095	0.907166182191169	6915.8403982812
DQB1_201.scale(PC8)	-0.0754458967822767	0.0491498232834566	-1.53501867844296	0.124779240002971	6915.8403982812
DQB1_201.scale(PC9)	0.0606156712821275	0.0507563314111611	1.19424847298555	0.232380786935393	6915.8403982812
DQB1_201.scale(PC10)	-0.0493577858689129	0.0494768180850211	-0.997594182069193	0.318476183393974	6915.8403982812
DQB1_201.scale(N_CNV)	-0.148130950344378	0.105939465741693	-1.39826031127586	0.162034911500746	6915.8403982812
DQB1_201.scale(LEN_CNV)	0.100152781447204	0.0605073164747615	1.6552177039446	0.0978803452959638	6915.8403982812
DQB1_202.(Intercept)	-6.08255121727633	0.158953539123642	-38.2662207511154	0	5862.23216378107
DQB1_202.as.numeric(gcounts)	0.114889410096461	0.174241661081123	0.659368198073887	0.509659358598979	5862.23216378107
DQB1_202.scale(age)	-0.419693194785394	0.0478823764468459	-8.76508698876495	1.86632498139781e-18	5862.23216378107
DQB1_202.sex	-5.89553567062437	1.00112403682392	-5.88891631183691	3.88736224604425e-09	5862.23216378107
DQB1_202.Array	0.064280522276965	0.164555032709678	0.390632369113706	0.696068995880385	5862.23216378107
DQB1_202.scale(PC1)	-0.00769684831870734	0.0509432965485942	-0.151086577433508	0.879907420607821	5862.23216378107
DQB1_202.scale(PC2)	0.0403743858077941	0.0491889322559138	0.820802240588177	0.411758922142068	5862.23216378107
DQB1_202.scale(PC3)	-0.0516329387197529	0.0502055332556784	-1.02843123798338	0.303747020632946	5862.23216378107
DQB1_202.scale(PC4)	-0.11288691311965	0.0689453887840613	-1.63733811804608	0.101559840449945	5862.23216378107
DQB1_202.scale(PC5)	-0.000193229944547	0.0695794904024642	-0.00277711066047354	0.99778418912855	5862.23216378107
DQB1_202.scale(PC6)	-0.026106824431506	0.049745968587808	-0.524802816642803	0.599720273301768	5862.23216378107
DQB1_202.scale(PC7)	-0.0140990854737264	0.0504119148578907	-0.279677641951734	0.779724833197195	5862.23216378107
DQB1_202.scale(PC8)	-0.06382713891619	0.0533870971141606	-1.19555365184409	0.231870787422829	5862.23216378107
DQB1_202.scale(PC9)	0.0275909528739394	0.0545015839352441	0.506241303128392	0.612687263091353	5862.23216378107
DQB1_202.scale(PC10)	-0.0796287411496007	0.0539158360556668	-1.4769082142654	0.139700242748182	5862.23216378107
DQB1_202.scale(N_CNV)	-0.161570443334335	0.134141865207632	-1.20447440539348	0.228406268813057	5862.23216378107
DQB1_202.scale(LEN_CNV)	0.0781232924798251	0.075340167728776	1.03694078251947	0.299763455939508	5862.23216378107
DQB1_301.(Intercept)	-6.14207607589956	0.151093441062048	-40.650845150699	0	6910.59817016944
DQB1_301.as.numeric(gcounts)	0.196327123496237	0.0782910494778122	2.50765732233385	0.0121534466378404	6910.59817016944
DQB1_301.scale(age)	-0.410763785553218	0.0439799023314796	-9.33980667936145	9.6510170001313e-21	6910.59817016944
DQB1_301.sex	-6.06233464742685	1.0008550140972	-6.05715569391958	1.38549475556306e-09	6910.59817016944
DQB1_301.Array	0.100389045994768	0.153430217204201	0.654297750626002	0.512919994793135	6910.59817016944
DQB1_301.scale(PC1)	0.00543483738378557	0.0467628036760423	0.116221375891753	0.907477096038172	6910.59817016944
DQB1_301.scale(PC2)	0.00326735872690991	0.0451656026564436	0.0723417497993635	0.942329940178792	6910.59817016944
DQB1_301.scale(PC3)	-0.0238347023982519	0.0461108254189359	-0.51690036302113	0.605225714203883	6910.59817016944
DQB1_301.scale(PC4)	-0.079157893578841	0.0633614199927654	-1.24930744272902	0.211552646755578	6910.59817016944
DQB1_301.scale(PC5)	-0.009858269360291	0.0637453179683388	-0.154650877499543	0.8770965580224	6910.59817016944
DQB1_301.scale(PC6)	-0.0162847939800267	0.0456762155071986	-0.356526778744623	0.721446101348321	6910.59817016944
DQB1_301.scale(PC7)	-0.0102790748256563	0.0464123686456352	-0.22147274801117	0.824724353689854	6910.59817016944
DQB1_301.scale(PC8)	-0.0704248795066555	0.049086161119693	-1.43471964195631	0.151367004705891	6910.59817016944
DQB1_301.scale(PC9)	0.0585781603273778	0.0507136507316294	1.15507677878223	0.248058986493046	6910.59817016944
DQB1_301.scale(PC10)	-0.0475476263630867	0.049465865407247	-0.961220954523535	0.336441082480786	6910.59817016944
DQB1_301.scale(N_CNV)	-0.149065927421977	0.106471612137581	-1.40005325766417	0.161497370791928	6910.59817016944
DQB1_301.scale(LEN_CNV)	0.100204300262466	0.060473452210123	1.65699652657985	0.0975201773381734	6910.59817016944
DQB1_302.(Intercept)	-6.06228601121135	0.149092447504874	-40.6612548969871	0	6955.86740003156
DQB1_302.as.numeric(gcounts)	-0.0483961965747574	0.105254273758502	-0.459802674481404	0.645657863353716	6955.86740003156
DQB1_302.scale(age)	-0.408574408368649	0.0438444956231409	-9.31871612529179	1.17756528977431e-20	6955.86740003156
DQB1_302.sex	-6.06799863963827	1.0008454519627	-6.06287277195363	1.33711435788672e-09	6955.86740003156
DQB1_302.Array	0.105221901819451	0.15338012337037	0.686020453676187	0.492700210481759	6955.86740003156
DQB1_302.scale(PC1)	0.0116993396767361	0.0466226206207372	0.250936981254381	0.80186283204657	6955.86740003156
DQB1_302.scale(PC2)	0.0054476811312853	0.0450244905686238	0.120993731688807	0.903696000106609	6955.86740003156
DQB1_302.scale(PC3)	-0.0230787960707239	0.0459670350433815	-0.502072758204726	0.615616341939545	6955.86740003156
DQB1_302.scale(PC4)	-0.0894710209759746	0.0631032939714329	-1.41785024750813	0.156234490500937	6955.86740003156
DQB1_302.scale(PC5)	-0.0040532029487857	0.0635509566845675	-0.0637787872951087	0.949146369150104	6955.86740003156
DQB1_302.scale(PC6)	-0.013412194891815	0.0455430583201337	-0.294494822845169	0.768379818885717	6955.86740003156
DQB1_302.scale(PC7)	0.00100877418274431	0.0462674765710308	0.021803094906108	0.982605025396804	6955.86740003156
DQB1_302.scale(PC8)	-0.0728860882097684	0.0489669173532426	-1.4884761416361	0.136625369535598	6955.86740003156
DQB1_302.scale(PC9)	0.0612687271916112	0.0507648028962578	1.20691352464855	0.227465448579882	6955.86740003156
DQB1_302.scale(PC10)	-0.0541766772208091	0.0493430388865997	-1.09795988336507	0.272222007111293	6955.86740003156
DQB1_302.scale(N_CNV)	-0.148615876567813	0.106594471599254	-1.39421748931351	0.163251938153675	6955.86740003156
DQB1_302.scale(LEN_CNV)	0.099089075482274	0.0607353412738915	1.63148956446005	0.102787060031185	6955.86740003156
DQB1_303.(Intercept)	-6.08580561944931	0.149815248265567	-40.6220707832184	0	6945.14180633261
DQB1_303.as.numeric(gcounts)	-0.0704359879780621	0.14558825782492	-0.483802670836039	0.628525919416895	6945.14180633261
DQB1_303.scale(age)	-0.406484091560819	0.0438819579861071	-9.26312567204752	1.98533487305728e-20	6945.14180633261
DQB1_303.sex	-6.06569346688607	1.0008475942512	-6.06055657397487	1.35651327266436e-09	6945.14180633261
DQB1_303.Array	0.127146112593475	0.154880092552169	0.820932571115604	0.41168467711941	6945.14180633261
DQB1_303.scale(PC1)	0.008476418716529	0.0466783411534053	0.181592115466824	0.855902836918268	6945.14180633261
DQB1_303.scale(PC2)	0.00430279979938194	0.0450663153579961	0.0954770711828008	0.923935901594937	6945.14180633261
DQB1_303.scale(PC3)	-0.0236913021880608	0.0460071394170933	-0.514948386016337	0.60658908786105	6945.14180633261
DQB1_303.scale(PC4)	-0.092341158904068	0.0631583629974464	-1.46205750943547	0.143725451155904	6945.14180633261
DQB1_303.scale(PC5)	-0.00158312594090974	0.0635903051847102	-0.0248957122679511	0.980138147290166	6945.14180633261
DQB1_303.scale(PC6)	-0.0112366915354201	0.045585849446755	-0.24649516619285	0.805298945848438	6945.14180633261
DQB1_303.scale(PC7)	0.00120970306360785	0.0463095576261419	0.0261221036351462	0.979159946925473	6945.14180633261
DQB1_303.scale(PC8)	-0.071446024097883	0.0490142873466859	-1.45765710296946	0.144935081482924	6945.14180633261
DQB1_303.scale(PC9)	0.0634687824549075	0.0508419716470835	1.24835407437525	0.211901419617885	6945.14180633261
DQB1_303.scale(PC10)	-0.0519117491073221	0.0493964705726758	-1.05092020756717	0.293295238567868	6945.14180633261
DQB1_303.scale(N_CNV)	-0.148751037128516	0.106624296274713	-1.39509513615232	0.162987152712689	6945.14180633261
DQB1_303.scale(LEN_CNV)	0.0992273903812091	0.0606357578176839	1.63645007422123	0.101745426499901	6945.14180633261
DQB1_304.(Intercept)	-6.07226708575129	0.147627512366652	-41.1323539115801	0	6956.47068329249
DQB1_304.as.numeric(gcounts)	-0.205805511611523	1.00248013080986	-0.205296349809209	0.83734059575519	6956.47068329249
DQB1_304.scale(age)	-0.408555194781944	0.0438449832386432	-9.31817427225882	1.18359344254999e-20	6956.47068329249
DQB1_304.sex	-6.06794424166122	1.0008452691474	-6.0628195273685	1.33755724675768e-09	6956.47068329249
DQB1_304.Array	0.105462184576361	0.153379599923072	0.687589383655037	0.491711395518957	6956.47068329249
DQB1_304.scale(PC1)	0.0115897269699122	0.0466237619030519	0.248579833476576	0.803685809483387	6956.47068329249
DQB1_304.scale(PC2)	0.00534460325203424	0.0450199024971197	0.118716455513785	0.905499999131941	6956.47068329249
DQB1_304.scale(PC3)	-0.0230155652759292	0.0459604728464214	-0.500768679052466	0.616533931020346	6956.47068329249
DQB1_304.scale(PC4)	-0.0895785939019273	0.0631076018534402	-1.41945805689088	0.155765516723944	6956.47068329249
DQB1_304.scale(PC5)	-0.00370986985991465	0.0635553318052177	-0.0583722837178246	0.953452091506352	6956.47068329249
DQB1_304.scale(PC6)	-0.0135045389033403	0.0455410609631175	-0.296535447741923	0.76682120019508	6956.47068329249
DQB1_304.scale(PC7)	0.00103675161180017	0.0462682999522938	0.0224073850318498	0.982122989428372	6956.47068329249
DQB1_304.scale(PC8)	-0.0729026959359574	0.0489698079399979	-1.48872742211455	0.136559160908225	6956.47068329249
DQB1_304.scale(PC9)	0.0615709043125499	0.0507597413595685	1.21298695902326	0.225134806485695	6956.47068329249
DQB1_304.scale(PC10)	-0.0541967550316764	0.0493499634596014	-1.09821266789879	0.272111635893218	6956.47068329249
DQB1_304.scale(N_CNV)	-0.148414069784622	0.106550921171491	-1.39289335233202	0.163652042969446	6956.47068329249
DQB1_304.scale(LEN_CNV)	0.0989549566894709	0.0607206625186371	1.62967518114775	0.103170165510343	6956.47068329249
DQB1_402.(Intercept)	-6.06034485954015	0.147809289031141	-41.0011096005158	0	6954.1394938509
DQB1_402.as.numeric(gcounts)	-0.36927979719971	0.269538820524102	-1.37004308500597	0.170673452651636	6954.1394938509
DQB1_402.scale(age)	-0.40851979462213	0.0438435779821921	-9.31766551507401	1.18928117378743e-20	6954.1394938509
DQB1_402.sex	-6.0676283711119	1.0008450951894	-6.06250497731986	1.34017659561819e-09	6954.1394938509
DQB1_402.Array	0.105607280630696	0.153381299117927	0.688527749067375	0.491120502034864	6954.1394938509
DQB1_402.scale(PC1)	0.011398608808155	0.0466292458012614	0.244451923085718	0.806880832403974	6954.1394938509
DQB1_402.scale(PC2)	0.00509569747135644	0.045024233684917	0.113176772913372	0.909890409865895	6954.1394938509
DQB1_402.scale(PC3)	-0.0230994452777507	0.0459677603236383	-0.502514047130377	0.615305973802665	6954.1394938509
DQB1_402.scale(PC4)	-0.0897152936528808	0.0630969312637903	-1.4218646114152	0.155065558309396	6954.1394938509
DQB1_402.scale(PC5)	-0.00479397083570612	0.0635589922512173	-0.0754255324999163	0.939876145070076	6954.1394938509
DQB1_402.scale(PC6)	-0.0136790318818883	0.0455346386118925	-0.30040936524125	0.763864920973739	6954.1394938509
DQB1_402.scale(PC7)	0.00104783545809003	0.0462717902393814	0.0226452327145586	0.981933262578053	6954.1394938509
DQB1_402.scale(PC8)	-0.0722762705424257	0.0489682010814965	-1.47598378021153	0.13994824653478	6954.1394938509
DQB1_402.scale(PC9)	0.0613835467986648	0.0507508075254482	1.2095087702375	0.226467443747474	6954.1394938509
DQB1_402.scale(PC10)	-0.0547330844472768	0.0493568253692554	-1.10892635492254	0.267461953377004	6954.1394938509
DQB1_402.scale(N_CNV)	-0.146083285973642	0.105922124094106	-1.3791574444245	0.167846215649744	6954.1394938509
DQB1_402.scale(LEN_CNV)	0.0983624526000018	0.0608423939279587	1.61667623921027	0.105948185466653	6954.1394938509
DQB1_501.(Intercept)	-6.03737164124587	0.149094235015369	-40.4936625525697	0	6953.35817550479
DQB1_501.as.numeric(gcounts)	-0.157971148199893	0.102184558132255	-1.54593953418514	0.122119171530363	6953.35817550479
DQB1_501.scale(age)	-0.408204313717091	0.0438464206437403	-9.30986629521759	1.27993370527035e-20	6953.35817550479
DQB1_501.sex	-6.06815567271198	1.00084548083595	-6.0630294974641	1.33581154335933e-09	6953.35817550479
DQB1_501.Array	0.106590049578717	0.153382244467315	0.694930824287361	0.487098654304239	6953.35817550479
DQB1_501.scale(PC1)	0.0117981842612758	0.0466274502068629	0.253030869346986	0.800244358910733	6953.35817550479
DQB1_501.scale(PC2)	0.00477961481400124	0.045024345805677	0.106156230112256	0.915458397959987	6953.35817550479
DQB1_501.scale(PC3)	-0.0228349778087037	0.0459738870353327	-0.4966945211997	0.619404486582562	6953.35817550479
DQB1_501.scale(PC4)	-0.089277727010583	0.0631095623660112	-1.41464658703869	0.157172142258506	6953.35817550479
DQB1_501.scale(PC5)	-0.00425793844274816	0.0635441856268422	-0.06700752241523	0.946575714640816	6953.35817550479
DQB1_501.scale(PC6)	-0.0138069172816366	0.0455401330999819	-0.303181311554885	0.761751690394079	6953.35817550479
DQB1_501.scale(PC7)	0.000760945346326762	0.0462733286531547	0.0164445776535871	0.986879716724152	6953.35817550479
DQB1_501.scale(PC8)	-0.0728519553480023	0.0489636538516387	-1.48787824472303	0.136783005970908	6953.35817550479
DQB1_501.scale(PC9)	0.0624200087870383	0.050757994115869	1.22975720129026	0.218788039464181	6953.35817550479
DQB1_501.scale(PC10)	-0.0539844920550014	0.0493558205197118	-1.0937816753232	0.274050742836405	6953.35817550479
DQB1_501.scale(N_CNV)	-0.148793574356499	0.10671891201684	-1.39425685236577	0.163240055405448	6953.35817550479
DQB1_501.scale(LEN_CNV)	0.0987434574418634	0.0606828712379485	1.62720476845389	0.103693615340254	6953.35817550479
DQB1_502.(Intercept)	-6.06363635109393	0.147640627654528	-41.070242299989	0	6951.2428484803
DQB1_502.as.numeric(gcounts)	-1.15153746038638	0.70812792089177	-1.62617152411702	0.103913172043971	6951.2428484803
DQB1_502.scale(age)	-0.408494733281492	0.043844124732219	-9.31697771996595	1.1970134775197e-20	6951.2428484803
DQB1_502.sex	-6.06736487610566	1.00084538885074	-6.06223992606168	1.34238763491017e-09	6951.2428484803
DQB1_502.Array	0.105953677352402	0.153380968070099	0.690787642597077	0.489699002438037	6951.2428484803
DQB1_502.scale(PC1)	0.0117319684647408	0.0466243207410059	0.251627654371864	0.801328881149455	6951.2428484803
DQB1_502.scale(PC2)	0.00526154259639214	0.0450296453852835	0.116846192133499	0.906981938404766	6951.2428484803
DQB1_502.scale(PC3)	-0.0228626054973752	0.0459525525528691	-0.497526344615383	0.61881792983956	6951.2428484803
DQB1_502.scale(PC4)	-0.0909552269374723	0.0631194792237937	-1.441000909006	0.149584425984363	6951.2428484803
DQB1_502.scale(PC5)	-0.00478467123241039	0.0635504357834077	-0.0752893536201308	0.939984492021207	6951.2428484803
DQB1_502.scale(PC6)	-0.0130845021640471	0.0455372040777062	-0.287336529087715	0.773854655199788	6951.2428484803
DQB1_502.scale(PC7)	0.000845250404590985	0.0462763721177145	0.0182652694217451	0.985427233828528	6951.2428484803
DQB1_502.scale(PC8)	-0.0721670823997398	0.0489891040857241	-1.47312517235378	0.140717287022314	6951.2428484803
DQB1_502.scale(PC9)	0.0616079250195457	0.0507506722999748	1.21393318014383	0.224773241323944	6951.2428484803
DQB1_502.scale(PC10)	-0.0547307783550354	0.0493482232785941	-1.10907292540309	0.26739872362466	6951.2428484803
DQB1_502.scale(N_CNV)	-0.149183756000189	0.106755355043243	-1.3974358095644	0.162282557001749	6951.2428484803
DQB1_502.scale(LEN_CNV)	0.099343159081367	0.0607192369409289	1.63610684333885	0.101817228218051	6951.2428484803
DQB1_503.(Intercept)	-6.06680956997178	0.147861357764056	-41.0303926713068	0	6945.01376649846
DQB1_503.as.numeric(gcounts)	-0.108948886637011	0.226334324956479	-0.48136263316649	0.630258789300931	6945.01376649846
DQB1_503.scale(age)	-0.40671424001614	0.0438855885643177	-9.26760363302567	1.90374883638909e-20	6945.01376649846
DQB1_503.sex	-6.06605471421125	1.00084768955366	-6.06091693823709	1.35347718496786e-09	6945.01376649846
DQB1_503.Array	0.103029611461073	0.153394571642759	0.671663999303831	0.501797625014988	6945.01376649846
DQB1_503.scale(PC1)	0.0130995386644053	0.0466663592856531	0.280706248889498	0.778935715468882	6945.01376649846
DQB1_503.scale(PC2)	0.00734578251621032	0.0450660020764526	0.163000536496415	0.870518012257761	6945.01376649846
DQB1_503.scale(PC3)	-0.0221164656842245	0.0460034011629571	-0.48075718588462	0.630689082489873	6945.01376649846
DQB1_503.scale(PC4)	-0.0879163145708314	0.0631932107363388	-1.3912303797578	0.16415557766739	6945.01376649846
DQB1_503.scale(PC5)	-0.00877469127961632	0.0636910654827233	-0.137769579031403	0.890422527469461	6945.01376649846
DQB1_503.scale(PC6)	-0.015768412571375	0.0455811995083023	-0.345941149892355	0.72938694257907	6945.01376649846
DQB1_503.scale(PC7)	0.00135273940034993	0.0463108465830609	0.0292099907507354	0.976697113167915	6945.01376649846
DQB1_503.scale(PC8)	-0.069853601339356	0.0490109591060824	-1.42526493285227	0.154080632755891	6945.01376649846
DQB1_503.scale(PC9)	0.0598528672452198	0.0508094053721008	1.17798794941388	0.238801410412689	6945.01376649846
DQB1_503.scale(PC10)	-0.0556835244607359	0.049394906052269	-1.12731309584459	0.259610127393501	6945.01376649846
DQB1_503.scale(N_CNV)	-0.148447109926481	0.106467525218958	-1.39429473561246	0.163228619990354	6945.01376649846
DQB1_503.scale(LEN_CNV)	0.0993635247547897	0.0606357855394137	1.63869444208326	0.101276912148175	6945.01376649846
DQB1_504.(Intercept)	-6.07733291533736	0.147647968213974	-41.1609654291346	0	6953.61961452421
DQB1_504.as.numeric(gcounts)	1.02053252140374	0.504408623324055	2.02322576223703	0.0430498767451616	6953.61961452421
DQB1_504.scale(age)	-0.408593344943573	0.0438392733603755	-9.32025815265643	1.16057576834163e-20	6953.61961452421
DQB1_504.sex	-6.06760415806534	1.00084482942613	-6.06248239454305	1.34036484115675e-09	6953.61961452421
DQB1_504.Array	0.104954516429807	0.153381669012073	0.684270272359249	0.49380451516133	6953.61961452421
DQB1_504.scale(PC1)	0.0116187274992231	0.046623610866258	0.249202652547697	0.803204027705845	6953.61961452421
DQB1_504.scale(PC2)	0.00517625326429907	0.045025726732564	0.114962125876259	0.908475142123233	6953.61961452421
DQB1_504.scale(PC3)	-0.0232382702755405	0.045961006379175	-0.505608386461917	0.613131593045132	6953.61961452421
DQB1_504.scale(PC4)	-0.0892914288176583	0.063084703896808	-1.41542122419594	0.156945030339574	6953.61961452421
DQB1_504.scale(PC5)	-0.00422664137836561	0.0635552690607214	-0.0665033983937261	0.946977052174558	6953.61961452421
DQB1_504.scale(PC6)	-0.0132126020008714	0.0455347343340326	-0.290165347269773	0.771689745155732	6953.61961452421
DQB1_504.scale(PC7)	0.00108973504213104	0.0462653861070623	0.0235540029777185	0.981208362267129	6953.61961452421
DQB1_504.scale(PC8)	-0.0724898107374824	0.0489779248580688	-1.48005067482029	0.138859723553686	6953.61961452421
DQB1_504.scale(PC9)	0.0609079248712482	0.0507587744862643	1.19994868843278	0.230159269038568	6953.61961452421
DQB1_504.scale(PC10)	-0.0540952826763769	0.049360133260736	-1.09593064489166	0.273109126961143	6953.61961452421
DQB1_504.scale(N_CNV)	-0.147690929790845	0.106434773325521	-1.38761915092491	0.165253046728283	6953.61961452421
DQB1_504.scale(LEN_CNV)	0.0985929996410836	0.0607517808819956	1.62288246055849	0.104614533639601	6953.61961452421
DQB1_601.(Intercept)	-6.06893471755329	0.147634170841107	-41.1079269994008	0	6955.00496899145
DQB1_601.as.numeric(gcounts)	-0.759098171476505	0.708768124422405	-1.07101059615952	0.284164665232676	6955.00496899145
DQB1_601.scale(age)	-0.408647909043416	0.0438473659529328	-9.31978238971234	1.16579153883923e-20	6955.00496899145
DQB1_601.sex	-6.06773643686723	1.00084494866314	-6.06261383940851	1.33926950436833e-09	6955.00496899145
DQB1_601.Array	0.106118493566229	0.15337991938829	0.691866927492535	0.48902090168414	6955.00496899145
DQB1_601.scale(PC1)	0.0116617882489603	0.0466283088256177	0.250101033957149	0.802509216401153	6955.00496899145
DQB1_601.scale(PC2)	0.00498221648485588	0.0450305845095583	0.110640724279259	0.911901252414408	6955.00496899145
DQB1_601.scale(PC3)	-0.0228964607434025	0.0459616259491299	-0.498164724823795	0.618367943336031	6955.00496899145
DQB1_601.scale(PC4)	-0.0899438596021554	0.0631038415543686	-1.42533096855383	0.154061552252444	6955.00496899145
DQB1_601.scale(PC5)	-0.00341684024058539	0.06354242559242	-0.0537725812121498	0.957116354926811	6955.00496899145
DQB1_601.scale(PC6)	-0.0137730872442495	0.0455374198599381	-0.302456469571885	0.762304112624379	6955.00496899145
DQB1_601.scale(PC7)	0.000729153616985269	0.0462700352318524	0.0157586570516229	0.987426931231085	6955.00496899145
DQB1_601.scale(PC8)	-0.0728973463522843	0.0489819869610386	-1.48824804535326	0.136685490921827	6955.00496899145
DQB1_601.scale(PC9)	0.0621430828052961	0.0507658818358807	1.22411116596371	0.220910294373409	6955.00496899145
DQB1_601.scale(PC10)	-0.0544522115169179	0.0493510459707116	-1.10336489218959	0.269868736423494	6955.00496899145
DQB1_601.scale(N_CNV)	-0.147935285832199	0.106500152049389	-1.38906173357945	0.164813978669598	6955.00496899145
DQB1_601.scale(LEN_CNV)	0.0988237797496634	0.0607161741829355	1.62763515783968	0.103602269646731	6955.00496899145
DQB1_602.(Intercept)	-6.07095508738966	0.149841324705216	-40.5158930577603	0	6911.82014012885
DQB1_602.as.numeric(gcounts)	0.0357170786367016	0.0899052820411809	0.39727452965824	0.691165027612147	6911.82014012885
DQB1_602.scale(age)	-0.408690542842564	0.0439808954008055	-9.29245617030069	1.50768222397718e-20	6911.82014012885
DQB1_602.sex	-6.06252726286789	1.00086005112439	-6.05731766000363	1.38410093564619e-09	6911.82014012885
DQB1_602.Array	0.0978267585027788	0.153430162443674	0.637597959519155	0.523735424279872	6911.82014012885
DQB1_602.scale(PC1)	0.0116444306034041	0.0467664107208283	0.248991325695604	0.80336749124896	6911.82014012885
DQB1_602.scale(PC2)	0.0105019498064392	0.04514904908027	0.232606223616535	0.816067194116536	6911.82014012885
DQB1_602.scale(PC3)	-0.0187546138972324	0.0460958027825023	-0.406861639566706	0.68410961165484	6911.82014012885
DQB1_602.scale(PC4)	-0.0773804328291091	0.0633995745620512	-1.22051974896731	0.222267907637633	6911.82014012885
DQB1_602.scale(PC5)	-0.0137879167350364	0.0638280070807926	-0.216016720020473	0.828974714550928	6911.82014012885
DQB1_602.scale(PC6)	-0.0135801762290817	0.0456901236616358	-0.297223450950834	0.766295919158212	6911.82014012885
DQB1_602.scale(PC7)	-0.00191667012777097	0.0464339413915758	-0.0412773516598075	0.967074788436207	6911.82014012885
DQB1_602.scale(PC8)	-0.0730194740142018	0.0491275869051991	-1.48632323739219	0.137193643130563	6911.82014012885
DQB1_602.scale(PC9)	0.0567258785918239	0.0508214720092165	1.11617936964786	0.264345363426673	6911.82014012885
DQB1_602.scale(PC10)	-0.059771277028094	0.0494968770895688	-1.20757673095078	0.227210114102165	6911.82014012885
DQB1_602.scale(N_CNV)	-0.147200730796632	0.105655630773762	-1.39321236093729	0.163555582951677	6911.82014012885
DQB1_602.scale(LEN_CNV)	0.0998565476471941	0.0605507848468332	1.64913713174465	0.0991195440509137	6911.82014012885
DQB1_603.(Intercept)	-6.06517752414716	0.148333315065953	-40.8888422769382	0	6915.71601337862
DQB1_603.as.numeric(gcounts)	-0.00961896145591537	0.145405703572123	-0.0661525732458234	0.947256355083111	6915.71601337862
DQB1_603.scale(age)	-0.406366703156769	0.0439811738364532	-9.23956019609366	2.47512483695445e-20	6915.71601337862
DQB1_603.sex	-6.06204332776703	1.00085698129677	-6.05685271827021	1.38810572557059e-09	6915.71601337862
DQB1_603.Array	0.0992408862452012	0.153428498526937	0.646821726067909	0.517747329486857	6915.71601337862
DQB1_603.scale(PC1)	0.0139720574030415	0.0467515383064791	0.298857704134736	0.765048620193944	6915.71601337862
DQB1_603.scale(PC2)	0.0135294855242615	0.0451663679439489	0.299547786110485	0.764522116744126	6915.71601337862
DQB1_603.scale(PC3)	-0.0236945690591302	0.0460966536213946	-0.514019287684972	0.607238505740398	6915.71601337862
DQB1_603.scale(PC4)	-0.0948591926553287	0.0632606329980225	-1.49949799993772	0.133744487185165	6915.71601337862
DQB1_603.scale(PC5)	-0.00126036947280288	0.0637699633743448	-0.019764312320586	0.984231386961606	6915.71601337862
DQB1_603.scale(PC6)	-0.0129218754889034	0.0456769385757819	-0.282897144419278	0.77725568363316	6915.71601337862
DQB1_603.scale(PC7)	0.000225479298986641	0.0463893662983477	0.00486058157243402	0.996121832277287	6915.71601337862
DQB1_603.scale(PC8)	-0.07172224256277	0.0490949461619559	-1.46088850624605	0.144046041373052	6915.71601337862
DQB1_603.scale(PC9)	0.0630449824769914	0.0510162664729328	1.23578197378361	0.216539617269025	6915.71601337862
DQB1_603.scale(PC10)	-0.0540460427465199	0.0494986633890947	-1.09186873030651	0.274890803780854	6915.71601337862
DQB1_603.scale(N_CNV)	-0.147002508627981	0.10628836465371	-1.38305363062946	0.166648422110533	6915.71601337862
DQB1_603.scale(LEN_CNV)	0.0989982701952233	0.0608395073144722	1.62720368006126	0.103693846421437	6915.71601337862
DQB1_604.(Intercept)	-6.07661652499342	0.148035535671342	-41.0483638096483	0	6955.07288862926
DQB1_604.as.numeric(gcounts)	0.0847743363005753	0.183236339799472	0.46265023844806	0.6436150921085	6955.07288862926
DQB1_604.scale(age)	-0.408718721374938	0.043847672303752	-9.3213322372865	1.1488853227289e-20	6955.07288862926
DQB1_604.sex	-6.0678018453109	1.00084624059687	-6.06267136667491	1.33879040124796e-09	6955.07288862926
DQB1_604.Array	0.10559479944104	0.153379766492946	0.688453254659874	0.491167397600288	6955.07288862926
DQB1_604.scale(PC1)	0.0116814021331514	0.0466253616246881	0.250537512763571	0.802171698485856	6955.07288862926
DQB1_604.scale(PC2)	0.00534863850436377	0.0450260664210303	0.118789823973288	0.905441870890489	6955.07288862926
DQB1_604.scale(PC3)	-0.0231164061356073	0.0459673087921921	-0.502887959791412	0.615043046721171	6955.07288862926
DQB1_604.scale(PC4)	-0.0892958471875669	0.0631062111466172	-1.41500884881366	0.157065901587366	6955.07288862926
DQB1_604.scale(PC5)	-0.00310939437084972	0.0635681770934719	-0.0489143233772081	0.960987574121933	6955.07288862926
DQB1_604.scale(PC6)	-0.0135563188313988	0.0455400422872849	-0.297679100644661	0.765948095957158	6955.07288862926
DQB1_604.scale(PC7)	0.00111799624652179	0.046265218548377	0.0241649403504441	0.980721043506178	6955.07288862926
DQB1_604.scale(PC8)	-0.0729581257076451	0.0489727397377966	-1.48977014760187	0.136284682951046	6955.07288862926
DQB1_604.scale(PC9)	0.0617988351472898	0.0507594270236572	1.2174848845021	0.223419784050481	6955.07288862926
DQB1_604.scale(PC10)	-0.0541899480598584	0.0493536740888073	-1.09799217708389	0.272207905265256	6955.07288862926
DQB1_604.scale(N_CNV)	-0.148767354170404	0.106574692230821	-1.39589757245746	0.162745341788289	6955.07288862926
DQB1_604.scale(LEN_CNV)	0.0991805304750762	0.0606804787712063	1.63447178538312	0.102159825890693	6955.07288862926
DQB1_609.(Intercept)	-6.0707790408464	0.147732932335846	-41.0929299571846	0	6956.06161523742
DQB1_609.as.numeric(gcounts)	-0.0753841714008437	0.335593780527955	-0.224629226686649	0.822267726263428	6956.06161523742
DQB1_609.scale(age)	-0.408575673315621	0.0438450395679611	-9.31862936700778	1.17852843631031e-20	6956.06161523742
DQB1_609.sex	-6.06771724480863	1.000845811075	-6.06258943951751	1.33947276393803e-09	6956.06161523742
DQB1_609.Array	0.105334805190267	0.153379133952377	0.686760985513014	0.492233359013588	6956.06161523742
DQB1_609.scale(PC1)	0.0117259685499375	0.0466256906909918	0.251491578487286	0.801434072410958	6956.06161523742
DQB1_609.scale(PC2)	0.0052239891370201	0.0450184475221212	0.116041077037433	0.907619986908025	6956.06161523742
DQB1_609.scale(PC3)	-0.0233053024093647	0.0459640567494807	-0.507033191965328	0.612131529513885	6956.06161523742
DQB1_609.scale(PC4)	-0.0894513710831213	0.063110452463108	-1.41737806642111	0.156372421875911	6956.06161523742
DQB1_609.scale(PC5)	-0.00321309841312955	0.0635716565730737	-0.050542939830995	0.959689732074437	6956.06161523742
DQB1_609.scale(PC6)	-0.0135063464311651	0.0455397947574101	-0.296583383897824	0.766784598119675	6956.06161523742
DQB1_609.scale(PC7)	0.000979842779647452	0.0462699257858977	0.0211766663335797	0.983104727676783	6956.06161523742
DQB1_609.scale(PC8)	-0.0729056024323767	0.0489704814748218	-1.48876629832323	0.136548919823931	6956.06161523742
DQB1_609.scale(PC9)	0.0615892303259589	0.0507529858943176	1.21350949585913	0.224935086062881	6956.06161523742
DQB1_609.scale(PC10)	-0.0540167155902037	0.049347111756916	-1.09462770296041	0.273679773751684	6956.06161523742
DQB1_609.scale(N_CNV)	-0.148111510575922	0.10651951927526	-1.39046356558541	0.164388155634931	6956.06161523742
DQB1_609.scale(LEN_CNV)	0.0988249303496704	0.0607293863087743	1.62730000015482	0.103673397884729	6956.06161523742
DQA1_101.(Intercept)	-6.03546006411359	0.14945087001249	-40.384241748537	0	6953.05405837425
DQA1_101.as.numeric(gcounts)	-0.135766158906501	0.0942634136943628	-1.44028476781783	0.149786849095046	6953.05405837425
DQA1_101.scale(age)	-0.408037049941164	0.0438445891623765	-9.30644026404299	1.3218844486102e-20	6953.05405837425
DQA1_101.sex	-6.06813337353223	1.00084617807789	-6.0630029933131	1.33603177785138e-09	6953.05405837425
DQA1_101.Array	0.10613796130415	0.15338225925505	0.69198329597988	0.488947819089257	6953.05405837425
DQA1_101.scale(PC1)	0.0118126900420742	0.046624305598088	0.253359055765941	0.799990764395162	6953.05405837425
DQA1_101.scale(PC2)	0.00468762547691411	0.0450253013335362	0.10411091848535	0.917081326249159	6953.05405837425
DQA1_101.scale(PC3)	-0.0228139757580441	0.0459614956291479	-0.496371483254691	0.619632340776943	6953.05405837425
DQA1_101.scale(PC4)	-0.0895644008716208	0.0631158290990463	-1.41904815559135	0.155884977174932	6953.05405837425
DQA1_101.scale(PC5)	-0.00501779141996643	0.0635528658884245	-0.0789546049548076	0.937068730286812	6953.05405837425
DQA1_101.scale(PC6)	-0.0136664866897367	0.0455412413951563	-0.300090341656568	0.764108246141915	6953.05405837425
DQA1_101.scale(PC7)	0.000895990000457144	0.0462734675101879	0.0193629319060621	0.984551580914585	6953.05405837425
DQA1_101.scale(PC8)	-0.0727759776605263	0.0489613504384403	-1.48639645370951	0.13717428729095	6953.05405837425
DQA1_101.scale(PC9)	0.0622364292004037	0.0507566505636275	1.22617289575452	0.220133618702009	6953.05405837425
DQA1_101.scale(PC10)	-0.0541170914396601	0.0493608835594366	-1.09635580924107	0.272923094820043	6953.05405837425
DQA1_101.scale(N_CNV)	-0.149009731873836	0.106701753981655	-1.39650686435253	0.162561914965912	6953.05405837425
DQA1_101.scale(LEN_CNV)	0.0988945625897369	0.0606716500704317	1.62999625813594	0.103102287824293	6953.05405837425
DQA1_102.(Intercept)	-6.06619151766281	0.150669237496353	-40.2616460962023	0	6940.81220647425
DQA1_102.as.numeric(gcounts)	-0.00989809506303324	0.0804269411058286	-0.123069395987707	0.9020521454806	6940.81220647425
DQA1_102.scale(age)	-0.408614876878952	0.0438935596914975	-9.30922166602278	1.28772515861348e-20	6940.81220647425
DQA1_102.sex	-6.06578400738263	1.0008507210074	-6.06062810373673	1.35591010310151e-09	6940.81220647425
DQA1_102.Array	0.104273561077945	0.153395791516722	0.67976806955997	0.496651327551679	6940.81220647425
DQA1_102.scale(PC1)	0.0129970886227975	0.0466614469948078	0.278540196669077	0.780597712900756	6940.81220647425
DQA1_102.scale(PC2)	0.0089628048857025	0.0450649298965444	0.198886471282179	0.842351552462642	6940.81220647425
DQA1_102.scale(PC3)	-0.0236473952538215	0.0460103837522113	-0.513957792249125	0.607281500554057	6940.81220647425
DQA1_102.scale(PC4)	-0.0938671319739234	0.0631480337528888	-1.4864616741868	0.137157047046319	6940.81220647425
DQA1_102.scale(PC5)	-0.00158465494228311	0.0636340577999067	-0.0249026228574949	0.980132635146405	6940.81220647425
DQA1_102.scale(PC6)	-0.0138151963702625	0.0455809047216345	-0.303091754203493	0.761819937974792	6940.81220647425
DQA1_102.scale(PC7)	0.000690474407863637	0.0463025546751019	0.0149122313597726	0.988102201793992	6940.81220647425
DQA1_102.scale(PC8)	-0.0695355932625611	0.049015649581877	-1.41864065570338	0.156003806662552	6940.81220647425
DQA1_102.scale(PC9)	0.0628694403566687	0.0508931871593073	1.23532134389369	0.216710933230571	6940.81220647425
DQA1_102.scale(PC10)	-0.0516658980070318	0.0494022661342576	-1.0458204056191	0.295643958124439	6940.81220647425
DQA1_102.scale(N_CNV)	-0.148742158407903	0.106611557116616	-1.39517855691014	0.162962001593139	6940.81220647425
DQA1_102.scale(LEN_CNV)	0.0990799627206842	0.0606952344491931	1.632417497351	0.102591565587515	6940.81220647425
DQA1_103.(Intercept)	-6.0604623630489	0.148310388919934	-40.86337044346	0	6942.98204482407
DQA1_103.as.numeric(gcounts)	-0.0871533225843111	0.144012140166835	-0.605180386065689	0.545059146701365	6942.98204482407
DQA1_103.scale(age)	-0.406723614601583	0.0438835678841471	-9.26824399682671	1.89235597217704e-20	6942.98204482407
DQA1_103.sex	-6.06617171091014	1.00084925993914	-6.06102432576009	1.35257372120413e-09	6942.98204482407
DQA1_103.Array	0.103135142764681	0.153395143077169	0.672349467497784	0.501361244671135	6942.98204482407
DQA1_103.scale(PC1)	0.0129521537844193	0.0466713399657879	0.277518361245119	0.781382109055165	6942.98204482407
DQA1_103.scale(PC2)	0.00729660002411902	0.045066941881091	0.161905816537787	0.871380022321491	6942.98204482407
DQA1_103.scale(PC3)	-0.0219794611846421	0.0460105356711899	-0.477704961787802	0.632860212283334	6942.98204482407
DQA1_103.scale(PC4)	-0.0879115740787936	0.0631776972382158	-1.39149696683811	0.164074778782866	6942.98204482407
DQA1_103.scale(PC5)	-0.00860066354060877	0.0636693520908315	-0.135083258399409	0.892546046708818	6942.98204482407
DQA1_103.scale(PC6)	-0.0157771740293892	0.0455770092896594	-0.346165188881069	0.729218574531765	6942.98204482407
DQA1_103.scale(PC7)	0.00114725031408852	0.0463126220835962	0.0247718713057897	0.980236927617345	6942.98204482407
DQA1_103.scale(PC8)	-0.0698696291567775	0.0490149545765304	-1.42547575041991	0.154019724940684	6942.98204482407
DQA1_103.scale(PC9)	0.0595983958886729	0.0508055459762623	1.17306870231291	0.240768256129352	6942.98204482407
DQA1_103.scale(PC10)	-0.0559558584958066	0.0493953142163416	-1.13281713829638	0.25729105279499	6942.98204482407
DQA1_103.scale(N_CNV)	-0.148953640757693	0.106423014991063	-1.39963748227018	0.161621903739563	6942.98204482407
DQA1_103.scale(LEN_CNV)	0.0997987536900748	0.0606398803322144	1.64576105927863	0.0998129624176107	6942.98204482407
DQA1_201.(Intercept)	-6.10028571339529	0.15004465670343	-40.6564675305485	0	6941.03201378305
DQA1_201.as.numeric(gcounts)	0.0982455350309028	0.0860817995360536	1.1413043821157	0.253743279203509	6941.03201378305
DQA1_201.scale(age)	-0.409000603122089	0.0438938138001115	-9.3179554864984	1.18603608845569e-20	6941.03201378305
DQA1_201.sex	-6.06554336853087	1.00084920297531	-6.06039686148456	1.3578609808148e-09	6941.03201378305
DQA1_201.Array	0.103165941795278	0.153396888616428	0.672542596696645	0.501238331743099	6941.03201378305
DQA1_201.scale(PC1)	0.0107258203045628	0.0466682412749768	0.229831251650658	0.818222899374948	6941.03201378305
DQA1_201.scale(PC2)	0.00678743078601519	0.0450621660646482	0.150623713389135	0.880272554228808	6941.03201378305
DQA1_201.scale(PC3)	-0.0243028376375214	0.0459944730057949	-0.528386044002711	0.597231421935914	6941.03201378305
DQA1_201.scale(PC4)	-0.0912556180848784	0.0631790473123706	-1.44439686837459	0.148627371130724	6941.03201378305
DQA1_201.scale(PC5)	-0.00370189937987421	0.0636358838176971	-0.0581731431668231	0.953610713131954	6941.03201378305
DQA1_201.scale(PC6)	-0.00939436681058496	0.0455863252647795	-0.206078615813395	0.836729502365879	6941.03201378305
DQA1_201.scale(PC7)	0.00146355655029026	0.0463183691696415	0.0315977564954839	0.974792832555215	6941.03201378305
DQA1_201.scale(PC8)	-0.0742077740591764	0.0490140929199303	-1.51400892352334	0.130023576256281	6941.03201378305
DQA1_201.scale(PC9)	0.0619162454719033	0.050818539519613	1.21837908088656	0.223079950844467	6941.03201378305
DQA1_201.scale(PC10)	-0.0515218185775489	0.0493860206639757	-1.04324701372693	0.296833904410442	6941.03201378305
DQA1_201.scale(N_CNV)	-0.149539794183634	0.10680475477874	-1.4001230047616	0.161476487256586	6941.03201378305
DQA1_201.scale(LEN_CNV)	0.0996953112015244	0.0605585520615309	1.64626312564786	0.0997095977620092	6941.03201378305
DQA1_301.(Intercept)	-6.10355333145029	0.151392576872069	-40.3160673895389	0	6890.11896564795
DQA1_301.as.numeric(gcounts)	0.0863148533871037	0.07659372936696	1.12691801405269	0.259777146250728	6890.11896564795
DQA1_301.scale(age)	-0.411108770190109	0.0440738387464697	-9.32772778325418	1.08164797717932e-20	6890.11896564795
DQA1_301.sex	-6.0582272221772	1.00085995783371	-6.05302187859508	1.42153551702671e-09	6890.11896564795
DQA1_301.Array	0.0943410154412642	0.153457804062659	0.614768444117339	0.538707651692053	6890.11896564795
DQA1_301.scale(PC1)	0.0123957640445778	0.0468483485028383	0.264593404905763	0.791322701238545	6890.11896564795
DQA1_301.scale(PC2)	0.00115160185644621	0.04523093554721	0.0254604916417043	0.979687661366012	6890.11896564795
DQA1_301.scale(PC3)	-0.0159444087214779	0.0461738728296962	-0.345312354029429	0.729859560067502	6890.11896564795
DQA1_301.scale(PC4)	-0.0906512672910193	0.0633586774849218	-1.43076324963684	0.152498079005044	6890.11896564795
DQA1_301.scale(PC5)	0.0018631111602428	0.0637953225152159	0.0292045104058911	0.976701483985764	6890.11896564795
DQA1_301.scale(PC6)	-0.0126116891019628	0.0457757547464766	-0.275510238374245	0.782924260993859	6890.11896564795
DQA1_301.scale(PC7)	-0.00138603329890671	0.0464752435765751	-0.0298230453945445	0.976208179372375	6890.11896564795
DQA1_301.scale(PC8)	-0.0765982845315285	0.0492110472900969	-1.55652620193155	0.11958301702661	6890.11896564795
DQA1_301.scale(PC9)	0.0614260122883245	0.0509523597551858	1.20555775205431	0.227988057397562	6890.11896564795
DQA1_301.scale(PC10)	-0.0573065362318733	0.0496207187728751	-1.15489129639935	0.248134944032355	6890.11896564795
DQA1_301.scale(N_CNV)	-0.149830538135317	0.107926212350813	-1.38826828878507	0.165055364686101	6890.11896564795
DQA1_301.scale(LEN_CNV)	0.0982125298967438	0.061081546045979	1.60789201083441	0.107858831884317	6890.11896564795
DQA1_401.(Intercept)	-6.06323279349404	0.147825105781564	-41.0162587839001	0	6954.99819504213
DQA1_401.as.numeric(gcounts)	-0.27182920561386	0.26052971296692	-1.04337122441145	0.296776395443583	6954.99819504213
DQA1_401.scale(age)	-0.408515667904246	0.0438434804984587	-9.31759210856006	1.19010406159222e-20	6954.99819504213
DQA1_401.sex	-6.06774560612968	1.00084532512443	-6.06262072051473	1.33921218779784e-09	6954.99819504213
DQA1_401.Array	0.10550036990306	0.153380488767085	0.687834357232148	0.4915570976121	6954.99819504213
DQA1_401.scale(PC1)	0.0114969036881273	0.0466290111164396	0.246561173245081	0.805247856186504	6954.99819504213
DQA1_401.scale(PC2)	0.00509091283936973	0.0450226172795674	0.113074564451857	0.909971440266997	6954.99819504213
DQA1_401.scale(PC3)	-0.023126753400037	0.0459606113256778	-0.503186374875659	0.614833243328627	6954.99819504213
DQA1_401.scale(PC4)	-0.0895357692025417	0.0630966102565867	-1.41902661392487	0.155891257138211	6954.99819504213
DQA1_401.scale(PC5)	-0.0047084795465216	0.0635626566375399	-0.0740761918333789	0.940949759367273	6954.99819504213
DQA1_401.scale(PC6)	-0.0136675656034211	0.0455395885009272	-0.300124925440265	0.764081867326428	6954.99819504213
DQA1_401.scale(PC7)	0.00110703255429665	0.0462723926723872	0.0239242557032774	0.980913026564888	6954.99819504213
DQA1_401.scale(PC8)	-0.0724003021829239	0.0489724082123901	-1.47838966523616	0.139303510016849	6954.99819504213
DQA1_401.scale(PC9)	0.0613199250095819	0.0507500967502089	1.20827208096563	0.226942623800926	6954.99819504213
DQA1_401.scale(PC10)	-0.054689778749609	0.0493564757479611	-1.10805680350604	0.267837284762136	6954.99819504213
DQA1_401.scale(N_CNV)	-0.146642398290465	0.106051509857542	-1.38274691692224	0.166742480601216	6954.99819504213
DQA1_401.scale(LEN_CNV)	0.0985265430890393	0.0608080242259766	1.62028851197158	0.10517031551356	6954.99819504213
DQA1_501.(Intercept)	-6.03183544147807	0.151553892040072	-39.7999375686321	0	6749.14616588428
DQA1_501.as.numeric(gcounts)	-0.049339525508897	0.0775416019281716	-0.636297474929667	0.524582550448834	6749.14616588428
DQA1_501.scale(age)	-0.41102034310376	0.0445486831067363	-9.22631858991157	2.80093173249109e-20	6749.14616588428
DQA1_501.sex	-6.03572383703684	1.0008947179815	-6.03032839378858	1.63626838796642e-09	6749.14616588428
DQA1_501.Array	0.0696332639428782	0.153641611464959	0.453218781545776	0.650391209567516	6749.14616588428
DQA1_501.scale(PC1)	0.0212341140618297	0.0473590631324389	0.44836431840826	0.653890288845834	6749.14616588428
DQA1_501.scale(PC2)	-0.00291385691493534	0.0457294464919364	-0.0637194879550785	0.949193587134603	6749.14616588428
DQA1_501.scale(PC3)	-0.0215973934342236	0.0466920911682629	-0.462549286053471	0.643687466928006	6749.14616588428
DQA1_501.scale(PC4)	-0.080730513004785	0.0641119497112249	-1.25921163477969	0.207953900214906	6749.14616588428
DQA1_501.scale(PC5)	-0.000601584260385844	0.0644325942318858	-0.00933664502504445	0.992550543316818	6749.14616588428
DQA1_501.scale(PC6)	-0.0216642485464295	0.046295002826964	-0.467960842931656	0.639812592009956	6749.14616588428
DQA1_501.scale(PC7)	0.00526249496821428	0.0470770884840839	0.111784631073637	0.91099417376618	6749.14616588428
DQA1_501.scale(PC8)	-0.0787894748232081	0.0498150948633337	-1.58163855833989	0.113732106374157	6749.14616588428
DQA1_501.scale(PC9)	0.0615412116955837	0.0515604434167936	1.19357413585662	0.232644596298048	6749.14616588428
DQA1_501.scale(PC10)	-0.0675243658212878	0.0501874325589403	-1.34544371724907	0.178481985441479	6749.14616588428
DQA1_501.scale(N_CNV)	-0.146138848840806	0.104841452378199	-1.39390332283487	0.163346800748611	6749.14616588428
DQA1_501.scale(LEN_CNV)	0.102431910036706	0.0597676122252127	1.71383641111055	0.0865587742052964	6749.14616588428
DQA1_601.(Intercept)	-6.07592201411218	0.147674398104988	-41.1440445471974	0	6955.68178033975
DQA1_601.as.numeric(gcounts)	0.46525010792004	0.501929479234193	0.926923257486059	0.353966380822211	6955.68178033975
DQA1_601.scale(age)	-0.408608868153135	0.0438423795841125	-9.31995188283999	1.16393073978732e-20	6955.68178033975
DQA1_601.sex	-6.06777122951698	1.0008452431653	-6.06264681872982	1.33899482294357e-09	6955.68178033975
DQA1_601.Array	0.105829428963368	0.153380230934516	0.689980894660084	0.490206202075187	6955.68178033975
DQA1_601.scale(PC1)	0.011692498685871	0.0466265308730593	0.250769218016751	0.801992541722774	6955.68178033975
DQA1_601.scale(PC2)	0.00519599012547905	0.0450202539820247	0.115414500494681	0.908116586033837	6955.68178033975
DQA1_601.scale(PC3)	-0.0231899037034937	0.045967184789027	-0.504488230243532	0.613918330937807	6955.68178033975
DQA1_601.scale(PC4)	-0.0895425875876672	0.0630994690490905	-1.41907038105193	0.155878498068865	6955.68178033975
DQA1_601.scale(PC5)	-0.00378957428205177	0.0635467296868312	-0.0596344501239863	0.952446779952741	6955.68178033975
DQA1_601.scale(PC6)	-0.0134217103025939	0.0455437978889919	-0.294698969447122	0.768223850496587	6955.68178033975
DQA1_601.scale(PC7)	0.00121085439908171	0.0462651159533724	0.026172081797051	0.979120083750683	6955.68178033975
DQA1_601.scale(PC8)	-0.0729457564022398	0.0489560974818426	-1.49002392254192	0.136217945927505	6955.68178033975
DQA1_601.scale(PC9)	0.0613627133268057	0.0507554205044501	1.2089883743831	0.226667311793349	6955.68178033975
DQA1_601.scale(PC10)	-0.0541355963475058	0.0493444704165148	-1.09709549804769	0.272599648023486	6955.68178033975
DQA1_601.scale(N_CNV)	-0.149390717971676	0.106823031965369	-1.39848790305921	0.161966602797995	6955.68178033975
DQA1_601.scale(LEN_CNV)	0.0992220471213903	0.0607211476514863	1.63406080021549	0.102246084737868	6955.68178033975
DPB1_101.(Intercept)	-6.06125049032077	0.148335249610965	-40.8618349732613	0	6954.06133164879
DPB1_101.as.numeric(gcounts)	-0.0796478001495488	0.137751246799512	-0.578200212339793	0.563128955445239	6954.06133164879
DPB1_101.scale(age)	-0.408651815293083	0.0438467669917305	-9.31999878965203	1.16341628725465e-20	6954.06133164879
DPB1_101.sex	-6.06788148856834	1.00084699303245	-6.06274638462305	1.33816588182503e-09	6954.06133164879
DPB1_101.Array	0.105055494465342	0.153380133574973	0.684935473823864	0.493384639744903	6954.06133164879
DPB1_101.scale(PC1)	0.0117475213776479	0.0466202066074458	0.251983468811391	0.801053841579058	6954.06133164879
DPB1_101.scale(PC2)	0.0057096013904883	0.0450333174810318	0.126786159889135	0.899109650140181	6954.06133164879
DPB1_101.scale(PC3)	-0.0233854985236628	0.0459617705725219	-0.508803256105276	0.610890136841197	6954.06133164879
DPB1_101.scale(PC4)	-0.0896564785626883	0.0630951299591559	-1.42097303897665	0.155324597568957	6954.06133164879
DPB1_101.scale(PC5)	-0.00422290895447532	0.0635549111781251	-0.0664450453347309	0.947023508424973	6954.06133164879
DPB1_101.scale(PC6)	-0.0135411231155967	0.0455499258579229	-0.297280903548197	0.766252059741988	6954.06133164879
DPB1_101.scale(PC7)	0.000928362069738708	0.0462643743922759	0.0200664567917232	0.983990358357299	6954.06133164879
DPB1_101.scale(PC8)	-0.0727478394113745	0.0489649493503127	-1.48571254288268	0.137355171522865	6954.06133164879
DPB1_101.scale(PC9)	0.061124851034348	0.0507603062281806	1.204186018098	0.228517688871838	6954.06133164879
DPB1_101.scale(PC10)	-0.0543540425598396	0.0493514677583433	-1.10136628207275	0.270737274143294	6954.06133164879
DPB1_101.scale(N_CNV)	-0.148138996309015	0.10642591048929	-1.3919448339972	0.163939103854574	6954.06133164879
DPB1_101.scale(LEN_CNV)	0.0987954041425355	0.0606800471577605	1.62813657487246	0.103495929740818	6954.06133164879
DPB1_201.(Intercept)	-6.08749163788306	0.152478148557764	-39.9236985460701	0	6556.14695454549
DPB1_201.as.numeric(gcounts)	0.0609195951965525	0.107755913421951	0.565348046914172	0.571837054340008	6556.14695454549
DPB1_201.scale(age)	-0.402496833173098	0.045237584530527	-8.89739886313973	5.71707439410923e-19	6556.14695454549
DPB1_201.sex	-6.00643388721156	1.00094241180269	-6.0007786825558	1.96373499321379e-09	6556.14695454549
DPB1_201.Array	0.0844725433058397	0.156904736152267	0.538368346152814	0.590322775038432	6556.14695454549
DPB1_201.scale(PC1)	-0.00972442619737148	0.0481235569382952	-0.202072058178083	0.839860391593095	6556.14695454549
DPB1_201.scale(PC2)	0.0170965024441345	0.0465051723409995	0.367625827053693	0.713152254224036	6556.14695454549
DPB1_201.scale(PC3)	-0.0226497031654751	0.0474325018931711	-0.47751441019256	0.632995862025609	6556.14695454549
DPB1_201.scale(PC4)	-0.13564039270858	0.0648466846338254	-2.09170898210927	0.0364645565310682	6556.14695454549
DPB1_201.scale(PC5)	0.0279803010659558	0.0653905590072719	0.427895119582081	0.668727480458544	6556.14695454549
DPB1_201.scale(PC6)	-0.00317752059371693	0.0469834778755455	-0.067630595634786	0.946079699355878	6556.14695454549
DPB1_201.scale(PC7)	-0.00644659572630305	0.0476595931061529	-0.135263339574563	0.892403669425647	6556.14695454549
DPB1_201.scale(PC8)	-0.0787150532367941	0.0505196511373767	-1.55810761683105	0.119207739415247	6556.14695454549
DPB1_201.scale(PC9)	0.0724904724078646	0.0527496658254425	1.37423567094714	0.169368529996534	6556.14695454549
DPB1_201.scale(PC10)	-0.0482137494908947	0.0509149544877752	-0.946946726672826	0.343665925896527	6556.14695454549
DPB1_201.scale(N_CNV)	-0.137475392399816	0.100388460387385	-1.36943421454337	0.170863585345383	6556.14695454549
DPB1_201.scale(LEN_CNV)	0.107336227299111	0.0603477051532682	1.77862980914524	0.0753004736429641	6556.14695454549
DPB1_202.(Intercept)	-6.06476701537843	0.147675716296787	-41.0681401618527	0	6941.34468908307
DPB1_202.as.numeric(gcounts)	-0.588532892821036	0.501379894718704	-1.17382627229444	0.240464618472694	6941.34468908307
DPB1_202.scale(age)	-0.408839605993372	0.0438864872777863	-9.31584256004721	1.20988400111103e-20	6941.34468908307
DPB1_202.sex	-6.06650574239008	1.00084857603122	-6.06136221569729	1.34973484674723e-09	6941.34468908307
DPB1_202.Array	0.103430795783301	0.15339529030048	0.674276215265112	0.500135722569624	6941.34468908307
DPB1_202.scale(PC1)	0.0106915439052492	0.0466769789958415	0.229053896272973	0.818827026285984	6941.34468908307
DPB1_202.scale(PC2)	0.00673816602308848	0.0450676233613568	0.149512344351092	0.881149369464351	6941.34468908307
DPB1_202.scale(PC3)	-0.0236131693523264	0.0460066696757453	-0.513255350121013	0.607772712548475	6941.34468908307
DPB1_202.scale(PC4)	-0.0918547416720774	0.0631486371784064	-1.45457995257397	0.145785584328267	6941.34468908307
DPB1_202.scale(PC5)	-0.00455510218862589	0.0636203893763504	-0.0715981501100206	0.942921712297203	6941.34468908307
DPB1_202.scale(PC6)	-0.0141654063125728	0.0455742208377318	-0.310820592260021	0.755937014182153	6941.34468908307
DPB1_202.scale(PC7)	-0.00230067087795837	0.0462930375250732	-0.0496979891784437	0.9603630588844	6941.34468908307
DPB1_202.scale(PC8)	-0.069526612638026	0.0489939867544842	-1.41908461106531	0.155874349881207	6941.34468908307
DPB1_202.scale(PC9)	0.0612053316472649	0.0508257720642911	1.20421843410159	0.228505162835496	6941.34468908307
DPB1_202.scale(PC10)	-0.051443218282731	0.0493951388208929	-1.04146317857845	0.297660633855238	6941.34468908307
DPB1_202.scale(N_CNV)	-0.150715938594102	0.106833504033518	-1.41075536141561	0.158316760802871	6941.34468908307
DPB1_202.scale(LEN_CNV)	0.100721962913118	0.0605994171612658	1.6620945816208	0.0964938118328602	6941.34468908307
DPB1_301.(Intercept)	-6.22622055882414	0.165275213107896	-37.6718350062541	0	6256.14833851714
DPB1_301.as.numeric(gcounts)	0.285613280359633	0.114500792983095	2.49442185436917	0.0126162503265223	6256.14833851714
DPB1_301.scale(age)	-0.395709774910181	0.0462031507055438	-8.56456256483609	1.08486913906845e-17	6256.14833851714
DPB1_301.sex	-5.95791714779307	1.00102686605669	-5.95180544080986	2.65200525219117e-09	6256.14833851714
DPB1_301.Array	0.219147611085325	0.169694738420648	1.29142254571318	0.19655719691126	6256.14833851714
DPB1_301.scale(PC1)	0.0178863979809998	0.0491862520820787	0.363646287811321	0.716122157118483	6256.14833851714
DPB1_301.scale(PC2)	0.0109076273896639	0.0475014429217519	0.229627285378085	0.818381402692965	6256.14833851714
DPB1_301.scale(PC3)	-0.0159966680079167	0.0485234794881847	-0.329668609437042	0.741650374964058	6256.14833851714
DPB1_301.scale(PC4)	-0.0897821625837795	0.0666289286644871	-1.34749521541734	0.177820793355272	6256.14833851714
DPB1_301.scale(PC5)	-0.0185878315363521	0.0675123419606198	-0.275324940544863	0.783066604848339	6256.14833851714
DPB1_301.scale(PC6)	-0.0274794517412498	0.0480906600180438	-0.571409328358967	0.567722207217877	6256.14833851714
DPB1_301.scale(PC7)	-0.00150151346898265	0.0488448409750081	-0.0307404720541707	0.975476514370436	6256.14833851714
DPB1_301.scale(PC8)	-0.0683892017485061	0.0517302561339275	-1.32203485657309	0.186156544183968	6256.14833851714
DPB1_301.scale(PC9)	0.037222674509234	0.0526300820014106	0.707250931287479	0.479410552871145	6256.14833851714
DPB1_301.scale(PC10)	-0.0503723590873997	0.0520776635369617	-0.967254589900108	0.333416778394527	6256.14833851714
DPB1_301.scale(N_CNV)	-0.162815389097762	0.112633287317514	-1.44553526737423	0.148307594281781	6256.14833851714
DPB1_301.scale(LEN_CNV)	0.108589181678859	0.0614535423865803	1.76701256692033	0.077226123710805	6256.14833851714
DPB1_401.(Intercept)	-5.96240837327775	0.162945866060251	-36.5913448278158	3.92680269309012e-293	6440.61016303561
DPB1_401.as.numeric(gcounts)	-0.161485393161481	0.066849474453454	-2.41565688409293	0.0157068544853064	6440.61016303561
DPB1_401.scale(age)	-0.431660819721997	0.0455357094243577	-9.47961117063647	2.552323440678e-21	6440.61016303561
DPB1_401.sex	-5.99290224256365	1.00097836806947	-5.98704470918971	2.13688058792002e-09	6440.61016303561
DPB1_401.Array	0.122375316427402	0.160243993666001	0.763681144158642	0.445057280119313	6440.61016303561
DPB1_401.scale(PC1)	0.00527323110978758	0.0483606694825082	0.109039663143929	0.913171031233056	6440.61016303561
DPB1_401.scale(PC2)	-0.00515882320053694	0.0466618025675518	-0.110557734949664	0.911967064572369	6440.61016303561
DPB1_401.scale(PC3)	-0.0155449255925688	0.0476638256937823	-0.326136758145216	0.74432088713201	6440.61016303561
DPB1_401.scale(PC4)	-0.120991438948906	0.0652019058198871	-1.85564267527902	0.0635045066518868	6440.61016303561
DPB1_401.scale(PC5)	0.0255007275005769	0.0656842966633011	0.388231720456627	0.697844561017765	6440.61016303561
DPB1_401.scale(PC6)	-0.00226003151081505	0.0471991726776341	-0.0478828628258138	0.961809597207325	6440.61016303561
DPB1_401.scale(PC7)	-0.0046435542185015	0.047887448925869	-0.0969680850130446	0.922751739448758	6440.61016303561
DPB1_401.scale(PC8)	-0.0794860809745951	0.0507178086985957	-1.5672223034509	0.117062738934229	6440.61016303561
DPB1_401.scale(PC9)	0.0501654518300136	0.0525236703424609	0.955101795113109	0.339526221271682	6440.61016303561
DPB1_401.scale(PC10)	-0.0684565305277892	0.0512921680400469	-1.33463905199603	0.181994510154235	6440.61016303561
DPB1_401.scale(N_CNV)	-0.195431128942125	0.11677116336754	-1.67362491993849	0.0942043377811579	6440.61016303561
DPB1_401.scale(LEN_CNV)	0.119591074802577	0.0559605967271541	2.13705860546242	0.0325932252289681	6440.61016303561
DPB1_402.(Intercept)	-6.04450403094855	0.148983797887793	-40.5715528577206	0	6848.16084681726
DPB1_402.as.numeric(gcounts)	-0.0611986459083161	0.107016482305652	-0.571861872020102	0.567415556534962	6848.16084681726
DPB1_402.scale(age)	-0.403166672387113	0.0441844249033442	-9.12463324506455	7.197955878391e-20	6848.16084681726
DPB1_402.sex	-6.05233440642138	1.00087528938228	-6.04704149520641	1.475297711264e-09	6848.16084681726
DPB1_402.Array	0.0889084716711243	0.15351005948245	0.579170329103344	0.562474249144638	6848.16084681726
DPB1_402.scale(PC1)	0.0158092155092252	0.0469814462158307	0.336499124284049	0.736494511834684	6848.16084681726
DPB1_402.scale(PC2)	-0.00585963651695655	0.0453654880074906	-0.129165071827047	0.897227033290152	6848.16084681726
DPB1_402.scale(PC3)	-0.01944683119373	0.0463108815781931	-0.419919261543211	0.674544436185502	6848.16084681726
DPB1_402.scale(PC4)	-0.0907154300376129	0.0634989588446318	-1.42861287315866	0.153115532086384	6848.16084681726
DPB1_402.scale(PC5)	-0.0121197283235083	0.0641655825897413	-0.18888207407075	0.850185243499269	6848.16084681726
DPB1_402.scale(PC6)	-0.00555056058550301	0.0458950547430938	-0.120940275952896	0.903738340691702	6848.16084681726
DPB1_402.scale(PC7)	-0.00889534157942241	0.0465943000614012	-0.190910509819877	0.848595705972379	6848.16084681726
DPB1_402.scale(PC8)	-0.0868389260446909	0.0493282216957134	-1.76043090667988	0.0783347728741834	6848.16084681726
DPB1_402.scale(PC9)	0.0644873680167428	0.0513864585922203	1.25494867292734	0.209497393198714	6848.16084681726
DPB1_402.scale(PC10)	-0.0574681922558636	0.0497044427684009	-1.15619830049475	0.24760005482967	6848.16084681726
DPB1_402.scale(N_CNV)	-0.14790661889508	0.105902980371536	-1.39662376239255	0.162526740746447	6848.16084681726
DPB1_402.scale(LEN_CNV)	0.101046974256613	0.0605805055029522	1.66797839367135	0.0953200159858381	6848.16084681726
DPB1_501.(Intercept)	-6.06804754402064	0.14787458523495	-41.0350942616639	0	6932.30033149163
DPB1_501.as.numeric(gcounts)	-0.0721569340145892	0.231854608926463	-0.311216302098507	0.755636190711702	6932.30033149163
DPB1_501.scale(age)	-0.409038384678885	0.0439338952818555	-9.31031455450788	1.27454321724272e-20	6932.30033149163
DPB1_501.sex	-6.06395156644779	1.0008506321254	-6.05879775843316	1.37142690928483e-09	6932.30033149163
DPB1_501.Array	0.101216427895015	0.153409238080762	0.65978052665727	0.509394681645842	6932.30033149163
DPB1_501.scale(PC1)	0.0112937152224492	0.0467170550816626	0.241747156423014	0.808976087509131	6932.30033149163
DPB1_501.scale(PC2)	0.00484921217767155	0.0451143262787939	0.107487190381716	0.914402487041406	6932.30033149163
DPB1_501.scale(PC3)	-0.025985792424882	0.0460562302247261	-0.564218832025272	0.572605213019761	6932.30033149163
DPB1_501.scale(PC4)	-0.0872050249315216	0.0632857526188924	-1.3779566699107	0.168216666573793	6932.30033149163
DPB1_501.scale(PC5)	-0.000609896707306556	0.0636416974255771	-0.00958328787537089	0.992353759600388	6932.30033149163
DPB1_501.scale(PC6)	-0.0131962488967452	0.0456290216519737	-0.289207360118237	0.772422699846593	6932.30033149163
DPB1_501.scale(PC7)	0.00287375840907586	0.0463812702512507	0.0619594589261678	0.95059511702902	6932.30033149163
DPB1_501.scale(PC8)	-0.0713662527546937	0.0490811087480998	-1.45404728163271	0.145933197991119	6932.30033149163
DPB1_501.scale(PC9)	0.0642014892101428	0.0507982283729146	1.2638529190198	0.206282823030275	6932.30033149163
DPB1_501.scale(PC10)	-0.0475093534976641	0.0494399855565306	-0.960949987401211	0.336577315050896	6932.30033149163
DPB1_501.scale(N_CNV)	-0.148506239858333	0.106770782767621	-1.39088836860497	0.164259280445817	6932.30033149163
DPB1_501.scale(LEN_CNV)	0.0989687398779602	0.0609050996062766	1.62496639062652	0.104169720394887	6932.30033149163
DPB1_901.(Intercept)	-6.06176423796957	0.147655801926324	-41.0533426989494	0	6934.28770017636
DPB1_901.as.numeric(gcounts)	-0.0108744625482653	0.708112453432222	-0.0153569711922968	0.987747391389051	6934.28770017636
DPB1_901.scale(age)	-0.408919555660127	0.0438835588709257	-9.31828607754622	1.18234710744394e-20	6934.28770017636
DPB1_901.sex	-6.06471157036432	1.0008574205307	-6.05951601692533	1.36531732703407e-09	6934.28770017636
DPB1_901.Array	0.102487464115977	0.153397842854685	0.668115419413453	0.504059919912267	6934.28770017636
DPB1_901.scale(PC1)	0.00941305091376367	0.0466751801667646	0.201671442512531	0.840173589432875	6934.28770017636
DPB1_901.scale(PC2)	0.0032528782474802	0.0450680371682838	0.0721770561103864	0.942461004113288	6934.28770017636
DPB1_901.scale(PC3)	-0.0243924799192794	0.0460129895803063	-0.530121605698046	0.596027619966463	6934.28770017636
DPB1_901.scale(PC4)	-0.0896648205170563	0.0631854154525127	-1.41907463731792	0.155877257317046	6934.28770017636
DPB1_901.scale(PC5)	-0.00195138437732358	0.0635854075110938	-0.0306891856749227	0.975517415682899	6934.28770017636
DPB1_901.scale(PC6)	-0.0114652322279637	0.0455910128007407	-0.251480094949271	0.801442949739014	6934.28770017636
DPB1_901.scale(PC7)	0.00206823262637217	0.0463254469848524	0.044645713338685	0.964389704989567	6934.28770017636
DPB1_901.scale(PC8)	-0.0733589338270183	0.0490324228923157	-1.49613112099576	0.134619489445976	6934.28770017636
DPB1_901.scale(PC9)	0.0617219181407883	0.0507995124268681	1.21501005013866	0.224362258271911	6934.28770017636
DPB1_901.scale(PC10)	-0.0573409498706335	0.0494112401229813	-1.16048392487045	0.245851834885315	6934.28770017636
DPB1_901.scale(N_CNV)	-0.147483973261076	0.106137254222275	-1.38955896628164	0.16466284341482	6934.28770017636
DPB1_901.scale(LEN_CNV)	0.0991418690638268	0.0605933162137914	1.6361849005594	0.101800895601151	6934.28770017636
DPB1_1001.(Intercept)	-6.07204210780429	0.147837754166039	-41.072337320443	0	6915.11561977319
DPB1_1001.as.numeric(gcounts)	0.129425822425124	0.244601998559045	0.529128229481254	0.596716499767986	6915.11561977319
DPB1_1001.scale(age)	-0.410359259521527	0.0439718903312846	-9.33230880978455	1.03589356867629e-20	6915.11561977319
DPB1_1001.sex	-6.0619067865116	1.00085587724199	-6.05672297515615	1.38922528603982e-09	6915.11561977319
DPB1_1001.Array	0.0985142125143297	0.153427779590659	0.642088497775064	0.520815723770029	6915.11561977319
DPB1_1001.scale(PC1)	0.00867793538649187	0.0467526972076879	0.185613577499971	0.852747805292489	6915.11561977319
DPB1_1001.scale(PC2)	0.000669469562017635	0.0451502969782679	0.0148275782624391	0.988169737726373	6915.11561977319
DPB1_1001.scale(PC3)	-0.025900423976065	0.046077515767429	-0.562105476927064	0.574044156993132	6915.11561977319
DPB1_1001.scale(PC4)	-0.0924824514141979	0.0632639912223294	-1.46184977626824	0.143782380380855	6915.11561977319
DPB1_1001.scale(PC5)	-0.00401349599010768	0.0637367363950221	-0.0629699011451288	0.949790472145648	6915.11561977319
DPB1_1001.scale(PC6)	-0.0116071093012474	0.0456699308426256	-0.254152110307424	0.799378046471537	6915.11561977319
DPB1_1001.scale(PC7)	-0.00164366302865446	0.0463821741865218	-0.0354373863985895	0.971730973387791	6915.11561977319
DPB1_1001.scale(PC8)	-0.0751891312261378	0.0491002789965947	-1.53133816676179	0.125685837372661	6915.11561977319
DPB1_1001.scale(PC9)	0.0621383238005484	0.0509506853312403	1.21957778186054	0.222624973240306	6915.11561977319
DPB1_1001.scale(PC10)	-0.0547266351831978	0.049497410504573	-1.10564642928425	0.26887958544581	6915.11561977319
DPB1_1001.scale(N_CNV)	-0.14680801806111	0.105986070433081	-1.38516332817343	0.166002531246805	6915.11561977319
DPB1_1001.scale(LEN_CNV)	0.0990548485877277	0.060644487102663	1.63336938475613	0.102391331930197	6915.11561977319
DPB1_1101.(Intercept)	-6.10391509103629	0.149593064914585	-40.8034630116144	0	6943.73163262601
DPB1_1101.as.numeric(gcounts)	0.194901751400517	0.18039034449808	1.08044447690819	0.279944299005357	6943.73163262601
DPB1_1101.scale(age)	-0.406907024941237	0.043882078677435	-9.2727381474405	1.81427422503798e-20	6943.73163262601
DPB1_1101.sex	-6.06561150866645	1.00084779344548	-6.06047347897444	1.35721429366047e-09	6943.73163262601
DPB1_1101.Array	0.127222522096621	0.154880181980136	0.821425443010766	0.411403976004298	6943.73163262601
DPB1_1101.scale(PC1)	0.00830929130679894	0.0466864984327891	0.177980606507922	0.858738206330503	6943.73163262601
DPB1_1101.scale(PC2)	0.00651261983447103	0.0450620233248873	0.144525686019832	0.88508537486207	6943.73163262601
DPB1_1101.scale(PC3)	-0.0217459283744899	0.0460064245913902	-0.47267155767109	0.63644752152628	6943.73163262601
DPB1_1101.scale(PC4)	-0.0913118323411165	0.0631774301865502	-1.44532362382406	0.148367005258394	6943.73163262601
DPB1_1101.scale(PC5)	-0.0035192975057036	0.0635993809780184	-0.0553354050241457	0.955871256234581	6943.73163262601
DPB1_1101.scale(PC6)	-0.0110598013039354	0.045576072351631	-0.242666836637572	0.808263500148283	6943.73163262601
DPB1_1101.scale(PC7)	-0.000433032078825313	0.0462954005800727	-0.00935367387255542	0.99253695685558	6943.73163262601
DPB1_1101.scale(PC8)	-0.0699412688571405	0.0490020673224994	-1.42731261513587	0.153489806002	6943.73163262601
DPB1_1101.scale(PC9)	0.0607295901005298	0.0508126821559939	1.19516600037154	0.23202217946264	6943.73163262601
DPB1_1101.scale(PC10)	-0.0553253056210164	0.0494132376234083	-1.1196454286737	0.262864888507894	6943.73163262601
DPB1_1101.scale(N_CNV)	-0.148133947625841	0.106229242369373	-1.39447429278239	0.163174427181885	6943.73163262601
DPB1_1101.scale(LEN_CNV)	0.0993733982540179	0.0605915907477502	1.64005263812467	0.100994222786412	6943.73163262601
DPB1_1301.(Intercept)	-6.07696559635999	0.14780778981259	-41.1139737903202	0	6943.42492457534
DPB1_1301.as.numeric(gcounts)	0.204979911200314	0.238163401733298	0.860669228389072	0.389420245558282	6943.42492457534
DPB1_1301.scale(age)	-0.407954832262294	0.043891281752926	-9.29466663923748	1.47668211322098e-20	6943.42492457534
DPB1_1301.sex	-6.06613000221883	1.00084844667799	-6.06098757744342	1.35288282289935e-09	6943.42492457534
DPB1_1301.Array	0.103099099302726	0.153397769293393	0.672102989356614	0.501518133570522	6943.42492457534
DPB1_1301.scale(PC1)	0.0094062880249899	0.0466768631760373	0.201519283537006	0.840292552628775	6943.42492457534
DPB1_1301.scale(PC2)	0.00379661419943468	0.0450605751276475	0.0842557865424407	0.932853064578063	6943.42492457534
DPB1_1301.scale(PC3)	-0.0203014938373618	0.0460165344298782	-0.441178243622366	0.65908396245319	6943.42492457534
DPB1_1301.scale(PC4)	-0.0864539176569657	0.0631968549971881	-1.36800981094411	0.171309005153002	6943.42492457534
DPB1_1301.scale(PC5)	-0.00480891378983373	0.0636129021506268	-0.0755965162294728	0.939740108181032	6943.42492457534
DPB1_1301.scale(PC6)	-0.0140091271428959	0.0455901319589608	-0.307284198157325	0.758627062290223	6943.42492457534
DPB1_1301.scale(PC7)	0.00206816737596648	0.0463229309428626	0.0446467296837819	0.964388894871307	6943.42492457534
DPB1_1301.scale(PC8)	-0.0719163308433912	0.0490233365133578	-1.4669815634396	0.142381070748319	6943.42492457534
DPB1_1301.scale(PC9)	0.0602942966797287	0.050707256150862	1.18906644248988	0.234413522258971	6943.42492457534
DPB1_1301.scale(PC10)	-0.055180066739154	0.0493952962130404	-1.11711176912806	0.263946538977864	6943.42492457534
DPB1_1301.scale(N_CNV)	-0.148552402178613	0.106411314030671	-1.39602074771669	0.162708247393565	6943.42492457534
DPB1_1301.scale(LEN_CNV)	0.0998309228007405	0.0606548743441878	1.64588458685525	0.099787522825892	6943.42492457534
DPB1_1401.(Intercept)	-6.06228993028844	0.147713419830333	-41.0408880740269	0	6899.97177327322
DPB1_1401.as.numeric(gcounts)	-0.305846356789365	0.449304752028605	-0.680710264933706	0.496054839851499	6899.97177327322
DPB1_1401.scale(age)	-0.412841872913231	0.0440270052273234	-9.37701464775123	6.78670782091458e-21	6899.97177327322
DPB1_1401.sex	-6.06006870659233	1.00086016699413	-6.05486051542292	1.40539388232902e-09	6899.97177327322
DPB1_1401.Array	0.0972206118127071	0.153444531979581	0.633587984911995	0.526349744066328	6899.97177327322
DPB1_1401.scale(PC1)	0.00550317724192843	0.0468257613758385	0.117524565116158	0.90644437878166	6899.97177327322
DPB1_1401.scale(PC2)	0.00726395754217855	0.0452044573011305	0.160691179053197	0.872336637242848	6899.97177327322
DPB1_1401.scale(PC3)	-0.0249142316272337	0.0461498561868276	-0.53985502200427	0.589297018390331	6899.97177327322
DPB1_1401.scale(PC4)	-0.0792534651692503	0.0634613643345466	-1.24884590806232	0.211721439154385	6899.97177327322
DPB1_1401.scale(PC5)	-0.0100204438956675	0.0637865261607971	-0.157093425505056	0.875171218937943	6899.97177327322
DPB1_1401.scale(PC6)	-0.0134730211696648	0.0457305002355059	-0.294617839303759	0.768285832956039	6899.97177327322
DPB1_1401.scale(PC7)	0.00319609333380375	0.046478718582371	0.0687646611457143	0.945176947795927	6899.97177327322
DPB1_1401.scale(PC8)	-0.0686262264272138	0.0491685119801312	-1.39573527169066	0.162794228621732	6899.97177327322
DPB1_1401.scale(PC9)	0.0598586396218362	0.0509193515829508	1.17555777442144	0.239771637451622	6899.97177327322
DPB1_1401.scale(PC10)	-0.0588610115897859	0.0495616905671904	-1.1876312312226	0.234978727851559	6899.97177327322
DPB1_1401.scale(N_CNV)	-0.149493941865593	0.106670693951848	-1.40145279202061	0.161078715007546	6899.97177327322
DPB1_1401.scale(LEN_CNV)	0.101062206981472	0.0605747016651563	1.66838967759382	0.0952383960571342	6899.97177327322
DPB1_1501.(Intercept)	-6.07701285556752	0.147758857555966	-41.1279090545605	0	6942.57690307303
DPB1_1501.as.numeric(gcounts)	0.355009802465836	0.319185974961054	1.11223496743287	0.266037136965119	6942.57690307303
DPB1_1501.scale(age)	-0.407318137901608	0.0438855151099565	-9.28137990134241	1.67297657319998e-20	6942.57690307303
DPB1_1501.sex	-6.06600980627688	1.0008486231911	-6.0608664144794	1.35390245069196e-09	6942.57690307303
DPB1_1501.Array	0.104087379093942	0.153396226378314	0.678552410000204	0.497421505318776	6942.57690307303
DPB1_1501.scale(PC1)	0.0152061520708081	0.0466637127803782	0.325866742373792	0.744525179152658	6942.57690307303
DPB1_1501.scale(PC2)	0.00774482227804045	0.0450669114631383	0.171851631864659	0.863554172931672	6942.57690307303
DPB1_1501.scale(PC3)	-0.0221605886770682	0.0460146043827967	-0.481599026533264	0.630090817858971	6942.57690307303
DPB1_1501.scale(PC4)	-0.0884552248832976	0.0631507976492636	-1.40069845791297	0.161304264045877	6942.57690307303
DPB1_1501.scale(PC5)	-0.00178302887358493	0.0635855168104776	-0.0280414308638775	0.977629107076271	6942.57690307303
DPB1_1501.scale(PC6)	-0.0127041814423293	0.0455985585531183	-0.278609277254456	0.780544692305261	6942.57690307303
DPB1_1501.scale(PC7)	-0.000655164541563783	0.0463095810481685	-0.0141474944651803	0.988712309135009	6942.57690307303
DPB1_1501.scale(PC8)	-0.0745598634911935	0.0490258043284423	-1.52082896981534	0.128302762485604	6942.57690307303
DPB1_1501.scale(PC9)	0.0630300901090726	0.0508056895900521	1.24061085712365	0.214749539201376	6942.57690307303
DPB1_1501.scale(PC10)	-0.0530280317474958	0.0493971917313548	-1.07350296421479	0.28304550941204	6942.57690307303
DPB1_1501.scale(N_CNV)	-0.147270967753583	0.105762704120337	-1.39246598296142	0.163781335692158	6942.57690307303
DPB1_1501.scale(LEN_CNV)	0.0988341818531859	0.0603290322886417	1.63825239861826	0.101369053082599	6942.57690307303
DPB1_1601.(Intercept)	-6.06302357979405	0.147693488372567	-41.0513939822428	0	6857.70894442714
DPB1_1601.as.numeric(gcounts)	-0.60436559912039	1.00203608099115	-0.603137562194958	0.546417180075736	6857.70894442714
DPB1_1601.scale(age)	-0.402629539739157	0.0441804522545171	-9.11329602104721	7.99163871790253e-20	6857.70894442714
DPB1_1601.sex	-6.05283221875188	1.00086843513748	-6.04758028753348	1.47037398639732e-09	6857.70894442714
DPB1_1601.Array	0.0890232392635472	0.153501754630992	0.579949326817488	0.561948790260949	6857.70894442714
DPB1_1601.scale(PC1)	0.0098651043936552	0.0469774575104474	0.209996558273961	0.833670359247349	6857.70894442714
DPB1_1601.scale(PC2)	0.000615287116949292	0.0453672564319826	0.0135623611683851	0.989179133144183	6857.70894442714
DPB1_1601.scale(PC3)	-0.0234723153998173	0.0463225605712819	-0.506714549246424	0.612355120528533	6857.70894442714
DPB1_1601.scale(PC4)	-0.0957581262613004	0.0635250870955609	-1.50740645372514	0.131706505557944	6857.70894442714
DPB1_1601.scale(PC5)	-0.00221739187867092	0.0639707171912428	-0.0346626077685193	0.972348777675754	6857.70894442714
DPB1_1601.scale(PC6)	-0.0106995848927381	0.0458987841818275	-0.233112599461281	0.815673971441631	6857.70894442714
DPB1_1601.scale(PC7)	-0.00723886033298753	0.0465461180746992	-0.155520172946975	0.876411251710081	6857.70894442714
DPB1_1601.scale(PC8)	-0.0656694641166285	0.0492568676525254	-1.33320422605601	0.182464792885327	6857.70894442714
DPB1_1601.scale(PC9)	0.0589719499462956	0.0512901319450046	1.14977185103614	0.250237851894516	6857.70894442714
DPB1_1601.scale(PC10)	-0.0624924595261292	0.0497880662327683	-1.25516944630799	0.209417254507374	6857.70894442714
DPB1_1601.scale(N_CNV)	-0.19081239195613	0.135472628373027	-1.40849405704837	0.158984825503879	6857.70894442714
DPB1_1601.scale(LEN_CNV)	0.0768412543000196	0.0730027749952597	1.05257990953096	0.29253356894791	6857.70894442714
DPB1_1701.(Intercept)	-6.07517167876701	0.147787372288476	-41.1075153762696	0	6956.19257197708
DPB1_1701.as.numeric(gcounts)	0.100710268823535	0.279775389526868	0.359968290970293	0.718870846384344	6956.19257197708
DPB1_1701.scale(age)	-0.408390017987192	0.0438447807842175	-9.31444999114233	1.22586008016443e-20	6956.19257197708
DPB1_1701.sex	-6.06768794000593	1.00084558821545	-6.06256150943811	1.33970546811412e-09	6956.19257197708
DPB1_1701.Array	0.105803571360973	0.153379481646546	0.689815679549574	0.49031010708851	6956.19257197708
DPB1_1701.scale(PC1)	0.0115510955136537	0.0466221856260334	0.247759631140151	0.804320390886988	6956.19257197708
DPB1_1701.scale(PC2)	0.00514527609466038	0.0450177963439115	0.114294268323426	0.909004525941824	6956.19257197708
DPB1_1701.scale(PC3)	-0.0230944958259368	0.0459591443976125	-0.502500560631335	0.615315458132695	6956.19257197708
DPB1_1701.scale(PC4)	-0.0894487039393203	0.0631088203240101	-1.41737246045921	0.156374060018424	6956.19257197708
DPB1_1701.scale(PC5)	-0.00368501416564987	0.0635577037619418	-0.0579790323994752	0.953765330147468	6956.19257197708
DPB1_1701.scale(PC6)	-0.0134658291133216	0.0455389269258914	-0.295699306556683	0.767459726805424	6956.19257197708
DPB1_1701.scale(PC7)	0.00108688494715452	0.046270725088802	0.0234896891083636	0.981259663116764	6956.19257197708
DPB1_1701.scale(PC8)	-0.0728186288150458	0.0489704667963586	-1.48699070233205	0.137017266604742	6956.19257197708
DPB1_1701.scale(PC9)	0.0613566030791683	0.0507605316575631	1.2087462655649	0.22676034121797	6956.19257197708
DPB1_1701.scale(PC10)	-0.0541613180046227	0.0493442712328385	-1.09762119596527	0.272369933410491	6956.19257197708
DPB1_1701.scale(N_CNV)	-0.148504622314819	0.106573316197967	-1.39345032708715	0.163483656005427	6956.19257197708
DPB1_1701.scale(LEN_CNV)	0.0990641835202022	0.0607227351033233	1.63141833699748	0.102802078280842	6956.19257197708
DPB1_1901.(Intercept)	-6.07393625310095	0.147702591020676	-41.1227468057802	0	6956.53013068635
DPB1_1901.as.numeric(gcounts)	0.0841276546654757	0.409950789161433	0.205214032731981	0.837404906221185	6956.53013068635
DPB1_1901.scale(age)	-0.408542137819775	0.0438446649734401	-9.31794411172392	1.18616321899374e-20	6956.53013068635
DPB1_1901.sex	-6.06781328814288	1.00084521856699	-6.06268899084192	1.33864365570364e-09	6956.53013068635
DPB1_1901.Array	0.10573260139801	0.153379974702461	0.689350755228115	0.490602565004268	6956.53013068635
DPB1_1901.scale(PC1)	0.0116030418187382	0.0466255157061383	0.248856053236333	0.803472130434732	6956.53013068635
DPB1_1901.scale(PC2)	0.00527027427495869	0.0450203708351072	0.117064212870697	0.906809168691815	6956.53013068635
DPB1_1901.scale(PC3)	-0.0230588446367082	0.0459599118539451	-0.501716467820616	0.615866978926754	6956.53013068635
DPB1_1901.scale(PC4)	-0.0895139011840789	0.0631046974314382	-1.41849822323186	0.156045357057402	6956.53013068635
DPB1_1901.scale(PC5)	-0.00356552726061802	0.0635549402259845	-0.056101496562501	0.955260951733652	6956.53013068635
DPB1_1901.scale(PC6)	-0.0135408247225806	0.045536504667717	-0.297361969729319	0.766190174947649	6956.53013068635
DPB1_1901.scale(PC7)	0.0010157371215063	0.0462694696611274	0.0219526423999551	0.982485732313173	6956.53013068635
DPB1_1901.scale(PC8)	-0.0728434320091333	0.0489706172655677	-1.48749262469173	0.136884749699641	6956.53013068635
DPB1_1901.scale(PC9)	0.0615670966113168	0.050759299643019	1.21292249980412	0.225159452416848	6956.53013068635
DPB1_1901.scale(PC10)	-0.0541393100478581	0.0493486116867336	-1.09707868564846	0.27260699673701	6956.53013068635
DPB1_1901.scale(N_CNV)	-0.148360868066701	0.106556109998877	-1.39232624077835	0.163823628809292	6956.53013068635
DPB1_1901.scale(LEN_CNV)	0.0989140119975147	0.0607272455666344	1.62882427935874	0.103350223339221	6956.53013068635
DPA1_103.(Intercept)	-6.0149804120567	0.196971145524475	-30.537368283261	8.32032455642706e-205	6930.16182838363
DPA1_103.as.numeric(gcounts)	-0.0324712890303217	0.0801600599907069	-0.405080647819951	0.685418230968623	6930.16182838363
DPA1_103.scale(age)	-0.408322003088112	0.0439318593484783	-9.29443936914216	1.4798401065252e-20	6930.16182838363
DPA1_103.sex	-6.0638337459167	1.00085277848012	-6.05866704504245	1.37254163362078e-09	6930.16182838363
DPA1_103.Array	0.100520867393732	0.153411206684307	0.655238098743246	0.512314468338313	6930.16182838363
DPA1_103.scale(PC1)	0.00731786120316026	0.046722871603474	0.156622676475565	0.875542229866864	6930.16182838363
DPA1_103.scale(PC2)	0.00551487155171102	0.0451038563833699	0.12227051063741	0.902684785838951	6930.16182838363
DPA1_103.scale(PC3)	-0.0199146328658024	0.0460640900435317	-0.432324460267914	0.665505611835272	6930.16182838363
DPA1_103.scale(PC4)	-0.0830899662111231	0.0632910545896291	-1.31282322201562	0.189242523101593	6930.16182838363
DPA1_103.scale(PC5)	-0.00656877669118754	0.0636672963021813	-0.103173482662283	0.917825285347794	6930.16182838363
DPA1_103.scale(PC6)	-0.0124359347194512	0.0456363316794534	-0.27250075240053	0.785237012823749	6930.16182838363
DPA1_103.scale(PC7)	0.00122208855652233	0.0463824476665398	0.0263480824752581	0.978979703937769	6930.16182838363
DPA1_103.scale(PC8)	-0.0712538503610329	0.0490717348193394	-1.45203446797547	0.146492021554716	6930.16182838363
DPA1_103.scale(PC9)	0.0578585319494512	0.0507496401477284	1.14007767899495	0.254253940278949	6930.16182838363
DPA1_103.scale(PC10)	-0.0598243364450954	0.0494597759119304	-1.20955534759439	0.226449560949102	6930.16182838363
DPA1_103.scale(N_CNV)	-0.148199907546819	0.106410366608311	-1.39272058043304	0.163704302655214	6930.16182838363
DPA1_103.scale(LEN_CNV)	0.0993951372143962	0.0606919792640386	1.63769806850393	0.101484693742029	6930.16182838363
DPA1_104.(Intercept)	-6.08138017000522	0.147770931538451	-41.1541032237642	0	6950.24878209964
DPA1_104.as.numeric(gcounts)	0.720624335272473	0.319266055072069	2.25712794650156	0.0240000810820807	6950.24878209964
DPA1_104.scale(age)	-0.407962300818553	0.0438389651236937	-9.30592908996524	1.32825910208184e-20	6950.24878209964
DPA1_104.sex	-6.06750051752377	1.00084663796469	-6.06236788671492	1.34131975240229e-09	6950.24878209964
DPA1_104.Array	0.106370999140561	0.15338463737857	0.69349187088421	0.488000925585437	6950.24878209964
DPA1_104.scale(PC1)	0.0114292713880252	0.0466219029615611	0.245148109836881	0.806341752907249	6950.24878209964
DPA1_104.scale(PC2)	0.00555660460292728	0.0450233682872172	0.123416012935329	0.901777677520502	6950.24878209964
DPA1_104.scale(PC3)	-0.0233187969011055	0.0459759220078076	-0.507195851279405	0.612017405694568	6950.24878209964
DPA1_104.scale(PC4)	-0.0900276861126141	0.0631275782425281	-1.42612291836603	0.15383286438785	6950.24878209964
DPA1_104.scale(PC5)	-0.00449334357510739	0.0635708788197309	-0.0706824202926192	0.943650512412756	6950.24878209964
DPA1_104.scale(PC6)	-0.0133844607302924	0.0455446378838214	-0.293875664670657	0.768852914222713	6950.24878209964
DPA1_104.scale(PC7)	0.00125504697874829	0.0462782026208482	0.027119613720324	0.978364331026796	6950.24878209964
DPA1_104.scale(PC8)	-0.0723409151082424	0.0489676900272105	-1.47731933174801	0.139590058370217	6950.24878209964
DPA1_104.scale(PC9)	0.0627665080771581	0.0507509850191184	1.23675447980987	0.21617824618064	6950.24878209964
DPA1_104.scale(PC10)	-0.054379807537054	0.049352823226902	-1.10185809000308	0.270523371237661	6950.24878209964
DPA1_104.scale(N_CNV)	-0.148710899234584	0.106369073258177	-1.39806519582658	0.162093490164886	6950.24878209964
DPA1_104.scale(LEN_CNV)	0.0990509328655472	0.060771224971971	1.62989857307026	0.103122935299536	6950.24878209964
DPA1_201.(Intercept)	-6.07805764906131	0.14982221817208	-40.5684665680246	0	6954.80223212427
DPA1_201.as.numeric(gcounts)	0.0233441557886467	0.0880080900010887	0.265250112669846	0.790816792660324	6954.80223212427
DPA1_201.scale(age)	-0.408268349941982	0.0438432892515519	-9.31199179877982	1.2545721229041e-20	6954.80223212427
DPA1_201.sex	-6.06789827002689	1.00084669628774	-6.06276494945075	1.33801137470916e-09	6954.80223212427
DPA1_201.Array	0.105718613418667	0.153380856746951	0.689255593304465	0.490662437612821	6954.80223212427
DPA1_201.scale(PC1)	0.0118519265613061	0.0466302418859394	0.254168241080471	0.799365585035396	6954.80223212427
DPA1_201.scale(PC2)	0.005388814293736	0.045013615400487	0.11971520718324	0.904708753409168	6954.80223212427
DPA1_201.scale(PC3)	-0.0230384540191424	0.0459652570280902	-0.501214515238394	0.616220159857532	6954.80223212427
DPA1_201.scale(PC4)	-0.0892811893896618	0.0631055681067763	-1.41479099338105	0.157129785619744	6954.80223212427
DPA1_201.scale(PC5)	-0.00365790367409373	0.0635504516114142	-0.0575590508224924	0.954099868274401	6954.80223212427
DPA1_201.scale(PC6)	-0.0133094372828587	0.045540816320587	-0.292252936117048	0.77009324019971	6954.80223212427
DPA1_201.scale(PC7)	0.000842035093907869	0.0462697881631924	0.0181983779769648	0.985480596609943	6954.80223212427
DPA1_201.scale(PC8)	-0.0726767400119257	0.0489598131042121	-1.4844162059449	0.137698538046842	6954.80223212427
DPA1_201.scale(PC9)	0.0616183321042514	0.0507466525669614	1.21423441719519	0.224658221279244	6954.80223212427
DPA1_201.scale(PC10)	-0.0543068236059774	0.0493481064459079	-1.10048444646007	0.271121102699177	6954.80223212427
DPA1_201.scale(N_CNV)	-0.148092131744713	0.106515743375764	-1.39033092246539	0.164428412019474	6954.80223212427
DPA1_201.scale(LEN_CNV)	0.0987972364407759	0.060744253284821	1.62644581335999	0.103854851647236	6954.80223212427
DPA1_202.(Intercept)	-6.06949117173249	0.148020998266363	-41.0042577932793	0	6955.12943074313
DPA1_202.as.numeric(gcounts)	-0.0383769717915409	0.185759198576855	-0.206595270035379	0.836325954541653	6955.12943074313
DPA1_202.scale(age)	-0.408527954679826	0.0438410823471884	-9.31838204733614	1.18127833166117e-20	6955.12943074313
DPA1_202.sex	-6.0676950515516	1.0008466593632	-6.06256212656214	1.33970032601523e-09	6955.12943074313
DPA1_202.Array	0.105956838987836	0.153379775366863	0.690813627379504	0.489682670591711	6955.12943074313
DPA1_202.scale(PC1)	0.0117713885019302	0.0466195063838929	0.25249920934378	0.800655225165395	6955.12943074313
DPA1_202.scale(PC2)	0.00528189224974607	0.0450144695140748	0.117337654020216	0.906592487515809	6955.12943074313
DPA1_202.scale(PC3)	-0.0229985741721843	0.0459625029155224	-0.500376887970069	0.616809724088492	6955.12943074313
DPA1_202.scale(PC4)	-0.0896134228169012	0.063105063764536	-1.42006706706257	0.155588156865583	6955.12943074313
DPA1_202.scale(PC5)	-0.00347141043236014	0.0635607211416038	-0.0546156552350367	0.956444666300371	6955.12943074313
DPA1_202.scale(PC6)	-0.0134729153733696	0.0455464024871915	-0.295806356542834	0.767377968314909	6955.12943074313
DPA1_202.scale(PC7)	0.00106748767610722	0.0462671024331735	0.0230722828958019	0.981592614844071	6955.12943074313
DPA1_202.scale(PC8)	-0.0726964916793981	0.0489731998452831	-1.48441375913891	0.137699186768339	6955.12943074313
DPA1_202.scale(PC9)	0.061340544220879	0.050757094675269	1.20851172852426	0.226850487179678	6955.12943074313
DPA1_202.scale(PC10)	-0.0541737321262501	0.0493504136871631	-1.09773612982583	0.272319728328253	6955.12943074313
DPA1_202.scale(N_CNV)	-0.147976201551314	0.106496103527807	-1.38949873891561	0.164681144132299	6955.12943074313
DPA1_202.scale(LEN_CNV)	0.0987749524422276	0.0607298248637883	1.62646529384485	0.103850710623646	6955.12943074313
